3 33 268 152
4 180 214 20 229
3 296 243 288
3 0 281 10
4 216 230 199 278
3 116 298 106
4 65 29 93 17
4 36 217 118 270
3 54 11 178
4 167 166 197 182
3 179 190 123
2 85 98
3 168 40 176
2 212 69
3 108 28 47
3 249 219 49
3 87 140 247
3 34 158 141
3 275 70 169
3 41 131 272
3 164 122 124
3 184 191 55
3 75 23 264
4 99 284 223 183
3 103 195 257
2 80 112
4 110 86 139 143
2 88 248
3 72 50 215
2 259 104
3 294 89 231
3 148 3 142
4 8 6 115 2
4 4 295 100 211
3 7 32 35
3 162 45 240
2 159 138
3 134 82 51
3 203 90 194
4 161 172 201 173
3 127 170 130
3 13 254 181
3 133 209 52
3 246 236 12
3 62 26 154
3 260 42 262
4 286 53 237 208
4 299 174 78 165
3 210 185 252
3 276 291 94
3 24 282 135
3 95 27 186
3 136 241 292
3 92 160 293
3 220 48 151
3 58 128 287
3 290 157 145
3 137 235 120
2 15 101
3 227 239 9
2 285 256
3 273 222 83
3 218 64 71
4 193 277 163 155
2 150 196
3 107 258 251
3 74 119 175
3 105 271 149
3 144 269 43
1 213
3 225 76 66
3 18 25 233
3 156 81 279
4 171 202 31 189
3 63 255 46
3 56 121 126
3 125 147 97
3 187 73 37
3 60 14 206
3 19 22 265
3 38 253 266
4 261 117 238 274
3 200 114 132
3 263 204 84
2 198 207
3 57 205 77
3 44 102 67
2 245 192
3 267 109 30
2 79 283
3 129 146 250
2 226 59
3 21 177 228
3 224 68 1
3 113 244 242
2 96 289
3 91 111 153
3 39 61 297
3 232 5 280
2 188 16
