60 19 149 228 298 357 412 502 572 748 843 884 966 1008 1049 1107 1142 1156 1290 1425 1500 1555 1696 1804 1848 1908 1980 2043 2127 2241 2388 2486 2551 2584 2664 2787 2888 2921 2995 3056 3154 3215 3293 3365 3437 3563 3606 3667 3755 3839 3898 4003 4100 4209 4308 4367 4393 4543 4644 4739 4813
57 20 169 246 355 436 519 562 623 681 776 857 896 963 983 1094 1177 1242 1275 1349 1435 1546 1682 1788 1851 1968 2050 2125 2197 2287 2348 2465 2523 2650 2794 2903 2934 3030 3100 3209 3268 3332 3451 3612 3710 3816 3935 4034 4169 4250 4295 4379 4422 4505 4614 4687 4819 4855
61 21 127 160 220 271 371 491 513 594 629 657 718 797 873 984 1052 1106 1182 1237 1305 1372 1473 1567 1663 1728 1812 1864 1956 2031 2136 2195 2255 2352 2422 2466 2542 2678 2760 2898 2977 3028 3179 3251 3364 3465 3547 3663 3740 3808 3885 3941 3977 4092 4187 4276 4413 4554 4629 4702 4770 4850
57 22 100 111 215 307 396 463 472 553 613 667 772 846 913 990 1137 1312 1461 1633 1669 1714 1822 1893 1969 2033 2116 2267 2327 2397 2443 2554 2704 2815 2867 2926 3001 3099 3284 3388 3454 3581 3758 3826 3874 3961 4084 4155 4219 4267 4348 4369 4462 4552 4583 4649 4690 4792
63 23 136 277 397 474 566 626 683 756 865 919 967 1071 1145 1216 1318 1421 1493 1607 1658 1713 1817 1882 1947 1985 2067 2168 2218 2252 2344 2451 2528 2627 2673 2736 2802 2844 2877 2967 3061 3126 3152 3259 3324 3381 3410 3475 3599 3702 3797 3914 4004 4065 4113 4183 4240 4289 4404 4465 4577 4675 4763 4831
67 24 152 219 281 342 410 493 590 696 852 960 1067 1153 1231 1316 1432 1453 1557 1598 1638 1678 1749 1803 1863 1938 2009 2036 2098 2172 2247 2306 2437 2485 2518 2599 2675 2717 2816 2885 2952 3016 3090 3140 3165 3257 3323 3405 3488 3584 3637 3716 3723 3770 3829 3881 3954 3991 4078 4178 4260 4335 4426 4536 4592 4632 4697 4797
63 25 117 184 212 265 331 388 442 484 631 790 882 938 1022 1146 1195 1262 1336 1399 1545 1623 1717 1759 1877 1966 2046 2109 2164 2242 2317 2389 2457 2492 2632 2725 2836 2956 3025 3131 3271 3292 3319 3366 3472 3559 3674 3744 3845 3905 3957 4049 4102 4153 4199 4269 4344 4429 4504 4569 4650 4720 4764 4866
63 26 101 205 224 256 360 495 564 641 733 809 842 931 1027 1087 1173 1271 1394 1464 1535 1605 1659 1707 1838 1940 2032 2057 2088 2176 2302 2366 2411 2545 2644 2733 2811 2917 3000 3047 3103 3229 3330 3392 3438 3524 3576 3607 3658 3739 3806 3879 3958 4005 4108 4168 4216 4305 4368 4440 4518 4585 4738 4805
62 27 165 306 356 441 507 586 669 741 835 955 1014 1073 1172 1261 1329 1381 1503 1583 1691 1771 1836 1984 2019 2141 2174 2234 2294 2337 2414 2446 2497 2560 2636 2798 2904 3015 3063 3136 3185 3245 3295 3327 3397 3434 3550 3634 3729 3857 3933 3990 4076 4165 4239 4264 4315 4391 4448 4516 4624 4730 4781
58 28 118 197 282 351 399 550 620 705 740 823 864 942 997 1113 1183 1288 1422 1522 1628 1764 1805 1865 1897 1974 2074 2190 2258 2359 2543 2561 2649 2790 2875 2929 2985 3062 3216 3286 3329 3384 3511 3589 3682 3721 3810 3856 3973 4029 4079 4167 4256 4384 4459 4535 4580 4667 4733
64 29 174 257 328 440 512 578 619 706 818 897 991 1081 1217 1244 1324 1356 1385 1480 1547 1647 1708 1774 1826 1904 2001 2105 2202 2276 2325 2398 2467 2520 2594 2705 2820 2906 3010 3091 3195 3255 3294 3341 3411 3519 3558 3618 3703 3786 3823 3861 3930 4056 4107 4188 4233 4311 4410 4480 4524 4576 4662 4723 4777
55 30 187 290 376 470 603 627 679 724 807 883 975 1159 1248 1409 1449 1532 1586 1652 1746 1856 1889 2005 2086 2182 2266 2329 2395 2511 2571 2651 2745 2799 2876 2931 2999 3021 3130 3267 3373 3471 3543 3640 3741 3890 3959 4091 4172 4283 4401 4430 4502 4619 4748 4818
60 31 182 213 301 374 459 531 639 700 743 893 974 1028 1125 1283 1415 1514 1562 1643 1719 1791 1854 1946 1998 2076 2153 2272 2356 2425 2447 2595 2707 2812 2889 2990 3078 3145 3241 3347 3444 3505 3562 3711 3777 3841 3918 3988 4080 4117 4193 4238 4261 4322 4436 4503 4545 4616 4671 4745 4798
59 32 145 241 317 353 457 517 659 765 794 912 986 1053 1099 1215 1274 1398 1454 1509 1568 1671 1757 1866 1906 1952 2034 2108 2240 2334 2396 2434 2593 2685 2771 2918 2950 3009 3052 3133 3225 3316 3353 3440 3608 3652 3712 3796 3906 3984 4083 4186 4272 4298 4433 4527 4586 4645 4711 4774
59 33 112 203 264 333 364 431 516 645 682 770 826 973 1064 1164 1224 1330 1417 1444 1548 1656 1694 1846 1922 2013 2149 2184 2280 2409 2505 2591 2663 2689 2734 2835 2913 2982 3093 3192 3243 3416 3483 3541 3633 3685 3769 3827 3897 4030 4104 4158 4249 4286 4358 4475 4528 4590 4710 4790
59 34 144 269 372 462 509 577 635 783 876 950 1023 1092 1138 1203 1332 1406 1472 1523 1668 1724 1832 1921 1964 2049 2134 2210 2283 2326 2391 2462 2501 2517 2604 2741 2841 2957 3077 3150 3213 3307 3423 3479 3623 3675 3728 3771 3859 3960 4001 4059 4141 4231 4301 4402 4537 4597 4679 4842
59 35 153 200 283 321 394 541 622 664 750 838 943 1026 1131 1218 1313 1364 1413 1551 1634 1783 1887 2015 2083 2185 2296 2429 2534 2592 2613 2684 2729 2831 2881 2962 3018 3086 3163 3277 3361 3446 3532 3596 3641 3708 3780 3828 3934 4055 4121 4192 4255 4366 4425 4508 4550 4633 4689 4817
59 36 116 236 304 373 426 515 601 702 821 979 1056 1102 1151 1196 1308 1357 1443 1494 1560 1642 1747 1843 1948 2052 2120 2169 2222 2300 2355 2488 2568 2670 2778 2843 2879 2947 3042 3120 3191 3280 3342 3436 3546 3638 3746 3824 3893 3952 4027 4109 4159 4279 4345 4435 4495 4642 4750 4832
60 37 180 279 311 438 542 638 729 803 848 906 1040 1111 1233 1280 1358 1448 1495 1654 1760 1874 1916 2027 2106 2224 2304 2340 2424 2515 2598 2654 2711 2772 2829 2920 2972 3055 3123 3175 3221 3315 3403 3528 3561 3630 3722 3799 3880 3996 4072 4131 4215 4334 4419 4507 4559 4617 4724 4767 4845
60 38 104 148 232 395 468 611 680 754 802 856 924 1031 1130 1227 1371 1515 1637 1706 1738 1875 1910 1976 2045 2089 2223 2314 2413 2441 2524 2601 2660 2776 2866 2987 3098 3220 3285 3362 3430 3491 3602 3731 3779 3812 3921 3972 4057 4164 4245 4291 4394 4481 4549 4595 4664 4760 4810 4846 4861
66 39 107 199 335 409 448 485 508 617 704 730 791 868 928 992 1062 1199 1292 1314 1341 1380 1427 1478 1617 1672 1710 1772 1844 1919 2040 2071 2179 2236 2339 2454 2553 2630 2708 2800 2897 3006 3068 3148 3156 3223 3269 3350 3374 3402 3507 3613 3696 3753 3820 3896 3936 4026 4184 4274 4415 4432 4514 4636 4673 4740 4804
61 40 126 240 385 420 501 585 707 766 806 927 972 1051 1120 1201 1260 1335 1370 1451 1543 1596 1680 1712 1780 1835 1930 2080 2150 2263 2323 2380 2450 2502 2576 2682 2699 2762 2842 2916 3039 3128 3193 3249 3348 3404 3556 3671 3762 3847 3920 3992 4021 4069 4137 4235 4328 4461 4594 4700 4835 4868
56 41 193 299 381 424 530 618 670 757 813 908 976 1132 1192 1298 1366 1469 1508 1594 1639 1770 1896 1975 2075 2133 2248 2271 2343 2420 2516 2653 2751 2832 2891 2998 3135 3199 3306 3394 3492 3531 3620 3677 3815 3975 4038 4160 4221 4312 4360 4497 4604 4666 4753 4834 4857
61 42 115 185 287 348 451 548 621 675 709 780 888 982 1112 1202 1265 1322 1369 1441 1626 1723 1814 1852 1892 1924 2024 2130 2215 2386 2526 2620 2712 2810 2834 2884 2939 2993 3026 3110 3168 3233 3308 3395 3464 3551 3591 3653 3719 3836 3895 3965 4036 4118 4258 4418 4490 4544 4599 4676 4731 4858
60 43 106 218 253 370 528 599 615 677 716 759 854 936 1050 1162 1210 1270 1326 1437 1521 1630 1692 1789 1871 1959 1991 2078 2118 2208 2289 2347 2408 2458 2574 2666 2746 2845 2933 3072 3118 3141 3234 3355 3457 3498 3560 3670 3727 3835 3945 4015 4115 4227 4339 4487 4567 4623 4684 4719 4775
60 44 159 254 318 344 380 471 593 711 799 879 948 1035 1122 1178 1272 1355 1468 1578 1660 1734 1809 1900 1965 2025 2101 2173 2273 2373 2419 2495 2588 2646 2693 2756 2851 2909 2984 3059 3127 3237 3304 3383 3443 3470 3494 3573 3683 3765 3922 4000 4089 4151 4290 4352 4451 4509 4659 4754 4860
61 45 129 191 249 387 454 518 560 614 644 720 847 953 1025 1070 1133 1206 1304 1408 1445 1534 1574 1684 1718 1800 1869 1918 2062 2139 2209 2257 2315 2432 2508 2581 2702 2779 2858 2963 3095 3147 3183 3360 3435 3538 3642 3714 3811 3864 3927 3999 4074 4130 4303 4338 4400 4531 4646 4744 4788 4867
66 46 138 238 338 418 529 607 636 722 793 860 923 1001 1080 1155 1197 1259 1350 1374 1465 1505 1577 1612 1715 1729 1810 1907 1987 2110 2132 2235 2286 2338 2426 2510 2565 2628 2700 2780 2853 2907 2959 3065 3159 3262 3376 3406 3503 3617 3705 3743 3844 3939 3966 4051 4142 4224 4280 4333 4412 4483 4538 4605 4657 4756 4825
62 47 151 204 255 312 384 439 504 628 690 746 827 895 1016 1066 1163 1209 1319 1412 1536 1608 1737 1790 1886 1994 2073 2162 2251 2307 2452 2500 2572 2677 2691 2793 2846 2882 2941 2981 3075 3178 3272 3311 3415 3513 3575 3616 3693 3792 3894 3976 4066 4150 4206 4273 4382 4454 4525 4655 4707 4778 4851
66 48 124 189 278 309 350 389 477 523 598 655 723 753 845 889 949 985 1082 1144 1189 1252 1348 1377 1462 1504 1579 1685 1777 1837 1890 1961 1996 2064 2165 2238 2331 2370 2427 2481 2544 2626 2747 2821 2912 3022 3129 3224 3317 3390 3508 3619 3679 3800 3889 3942 4020 4088 4124 4185 4243 4294 4332 4447 4479 4622 4808
59 49 132 208 295 368 425 510 567 666 736 814 947 996 1140 1225 1373 1401 1501 1561 1662 1778 1868 1954 2104 2249 2353 2381 2428 2496 2556 2647 2754 2804 2862 2942 3064 3146 3254 3337 3401 3452 3585 3669 3775 3862 3931 3983 4028 4096 4176 4288 4364 4434 4484 4555 4582 4654 4743 4801
57 50 123 163 222 320 366 465 581 643 767 831 898 980 1129 1212 1291 1440 1524 1616 1674 1781 1858 1926 1992 2056 2135 2213 2378 2431 2549 2658 2763 2870 2949 3043 3088 3173 3291 3367 3433 3486 3570 3622 3668 3778 3917 4016 4133 4236 4278 4347 4420 4464 4546 4678 4747 4828
61 51 139 207 260 354 449 549 597 717 788 853 941 1017 1098 1176 1246 1303 1387 1479 1549 1653 1726 1799 1876 1993 2081 2170 2259 2333 2435 2559 2622 2671 2731 2777 2859 2946 3013 3034 3112 3186 3252 3282 3363 3441 3512 3587 3704 3766 3838 3932 4033 4174 4234 4285 4325 4381 4493 4568 4698 4822
60 52 141 230 310 347 481 568 673 732 872 914 1047 1104 1191 1267 1317 1433 1496 1544 1587 1611 1699 1763 1806 1914 2017 2092 2183 2229 2293 2375 2407 2507 2557 2697 2764 2896 3011 3070 3121 3238 3322 3422 3499 3600 3698 3768 3868 3911 3944 4041 4203 4271 4421 4512 4574 4648 4688 4746 4815
55 53 161 223 273 365 423 522 650 728 812 891 1020 1139 1239 1300 1384 1488 1569 1625 1727 1808 1903 1943 2030 2158 2228 2312 2369 2456 2606 2724 2792 2847 2994 3082 3170 3226 3379 3476 3565 3650 3737 3803 3891 3974 4061 4110 4210 4275 4374 4441 4511 4628 4704 4809
61 54 142 201 302 408 506 546 592 646 697 840 894 994 1061 1124 1219 1376 1481 1573 1635 1753 1811 1885 1950 2012 2107 2189 2220 2290 2418 2487 2532 2643 2737 2818 2899 2953 3007 3058 3125 3230 3300 3335 3407 3572 3626 3676 3781 3837 3903 3967 4012 4116 4205 4329 4377 4445 4526 4606 4669 4761
56 55 192 262 305 390 498 559 654 811 875 911 933 1065 1228 1339 1424 1492 1552 1621 1721 1782 1827 1873 1986 2072 2126 2175 2295 2390 2482 2558 2642 2738 2855 2892 2986 3050 3182 3242 3344 3426 3535 3601 3684 3787 3947 4011 4042 4173 4270 4398 4519 4591 4627 4725 4794
63 56 108 198 291 392 476 587 649 731 855 939 1002 1068 1157 1287 1403 1497 1554 1651 1689 1779 1795 1857 1973 2037 2111 2205 2243 2360 2463 2567 2614 2703 2749 2838 2914 2965 3036 3089 3172 3240 3299 3412 3466 3539 3578 3697 3776 3846 3926 3995 4064 4128 4208 4266 4343 4403 4491 4553 4607 4661 4779 4849
61 57 102 211 268 326 402 429 464 544 610 693 775 833 899 969 1055 1123 1234 1301 1351 1389 1450 1538 1618 1687 1751 1834 1951 2053 2123 2206 2308 2394 2525 2585 2690 2833 2937 2997 3032 3102 3201 3343 3408 3555 3597 3654 3790 3831 3883 4014 4127 4195 4306 4359 4437 4510 4565 4626 4693 4766
59 58 122 154 237 285 332 403 487 552 651 774 910 1018 1060 1170 1277 1343 1393 1507 1609 1725 1798 1941 2010 2079 2137 2216 2260 2357 2416 2504 2578 2759 2830 2948 3033 3104 3161 3279 3352 3490 3598 3655 3734 3860 3938 4040 4099 4129 4179 4259 4350 4407 4455 4541 4615 4670 4751 4824
59 59 113 172 313 417 447 561 625 760 902 968 1006 1088 1180 1284 1365 1420 1490 1566 1629 1767 1888 1997 2097 2154 2226 2277 2368 2401 2469 2539 2596 2667 2755 2817 2968 3074 3111 3210 3370 3424 3500 3583 3686 3764 3848 3915 4023 4119 4211 4302 4365 4446 4548 4630 4706 4734 4780 4840
61 60 162 251 322 405 460 514 591 624 749 822 920 1005 1074 1128 1181 1250 1285 1359 1405 1487 1599 1670 1766 1824 1884 1944 2044 2113 2148 2253 2403 2491 2621 2701 2775 2825 2911 3051 3164 3270 3351 3389 3432 3493 3548 3632 3735 3813 3901 3971 4017 4182 4331 4373 4449 4477 4522 4680 4757 4821
51 61 179 308 443 535 616 663 792 878 952 1038 1119 1187 1278 1353 1430 1537 1683 1765 1853 1905 2058 2200 2299 2345 2483 2555 2618 2718 2827 2943 3012 3151 3227 3297 3413 3496 3530 3624 3717 3754 3852 4031 4162 4314 4431 4466 4578 4658 4729 4784
58 62 176 244 327 413 537 652 668 714 850 937 1057 1095 1221 1279 1386 1452 1506 1593 1688 1732 1839 1932 2048 2221 2321 2393 2471 2541 2631 2732 2788 2894 2935 2991 3114 3169 3274 3326 3420 3463 3506 3609 3673 3801 3871 4025 4086 4148 4213 4326 4414 4492 4557 4653 4708 4796 4859
59 63 181 214 248 334 377 505 573 671 768 871 946 1032 1148 1229 1391 1434 1499 1585 1661 1733 1850 1895 2003 2094 2196 2284 2358 2433 2552 2616 2715 2837 2945 3040 3083 3184 3244 3288 3349 3417 3522 3706 3747 3785 3804 3878 3940 4008 4101 4191 4277 4323 4416 4460 4589 4663 4699 4768
63 64 183 221 292 419 490 526 609 708 747 869 930 981 1059 1149 1266 1361 1397 1455 1595 1632 1740 1786 1867 1995 2028 2103 2147 2219 2330 2400 2477 2577 2657 2723 2768 2808 2871 2915 2970 3041 3218 3266 3336 3480 3553 3595 3678 3748 3840 3907 4013 4073 4144 4246 4317 4362 4473 4556 4620 4695 4732 4816
66 65 196 288 349 401 492 520 584 665 744 836 921 1037 1090 1179 1289 1328 1419 1477 1556 1592 1645 1709 1758 1828 1902 1958 2035 2160 2246 2282 2350 2383 2444 2498 2609 2698 2786 2801 2872 2932 2989 3035 3096 3197 3263 3325 3445 3521 3610 3651 3767 3832 3882 3993 4112 4196 4324 4386 4442 4547 4608 4685 4762 4838 4856
56 66 128 252 359 478 570 701 751 844 925 1019 1091 1257 1340 1438 1539 1553 1686 1731 1833 1935 2008 2087 2156 2245 2322 2377 2476 2583 2633 2665 2709 2814 2886 3002 3155 3231 3331 3421 3527 3636 3662 3725 3763 3851 3916 3989 4063 4194 4287 4417 4515 4631 4749 4803 4830
56 67 226 297 379 461 538 596 656 734 795 887 1007 1086 1207 1254 1331 1410 1463 1572 1657 1701 1794 1970 2014 2090 2180 2313 2404 2538 2612 2710 2783 2864 2922 3008 3092 3138 3219 3303 3400 3461 3509 3647 3751 3807 3904 4054 4077 4132 4200 4299 4405 4494 4575 4692 4837
58 68 105 167 275 398 497 575 691 782 808 867 934 1009 1097 1147 1293 1426 1489 1564 1649 1722 1813 1891 1937 1982 2112 2201 2291 2405 2537 2625 2728 2803 2900 2978 3087 3211 3296 3429 3517 3552 3628 3730 3760 3858 3951 3994 4068 4135 4214 4253 4355 4389 4467 4561 4647 4737 4820
59 69 143 233 339 456 551 600 692 761 858 929 1003 1085 1160 1282 1325 1418 1533 1664 1735 1823 1981 2128 2233 2318 2384 2468 2540 2623 2719 2789 2883 2930 2969 3080 3144 3200 3256 3302 3333 3427 3474 3557 3643 3772 3825 3867 3888 3948 4022 4138 4220 4361 4486 4570 4643 4735 4806 4853
57 70 150 276 352 415 482 579 632 672 713 820 874 964 988 1084 1152 1245 1367 1423 1484 1580 1627 1673 1762 1816 1972 2070 2166 2268 2363 2494 2563 2635 2680 2757 2854 2958 3048 3081 3113 3222 3310 3385 3487 3566 3687 3817 3955 4037 4081 4147 4204 4300 4375 4533 4637 4742
61 71 121 190 250 329 393 458 557 604 660 727 817 903 993 1076 1223 1306 1378 1439 1512 1590 1695 1787 1841 1923 2007 2163 2239 2265 2324 2490 2546 2645 2713 2791 2874 2905 2954 3005 3029 3094 3174 3236 3273 3419 3462 3516 3592 3681 3822 3925 3956 4103 4241 4281 4354 4411 4489 4588 4721 4812
59 72 103 175 346 521 634 703 815 859 961 1015 1105 1230 1297 1388 1456 1511 1614 1677 1739 1785 1883 1978 2055 2151 2225 2341 2440 2548 2603 2679 2766 2852 2924 2988 3023 3097 3177 3232 3372 3489 3574 3615 3631 3713 3774 3886 3997 4097 4140 4257 4346 4392 4450 4562 4613 4701 4789 4864
62 73 177 286 325 337 422 525 588 698 785 837 904 962 1063 1185 1296 1347 1431 1520 1571 1644 1730 1825 1933 1977 2029 2143 2214 2288 2328 2417 2529 2669 2720 2797 2850 2976 3073 3134 3253 3340 3418 3481 3510 3577 3603 3644 3715 3854 3899 3963 4043 4075 4189 4265 4337 4371 4443 4521 4593 4656 4811
59 74 135 188 261 407 452 527 661 771 829 916 1010 1101 1166 1255 1315 1407 1482 1610 1801 1899 1962 2054 2091 2155 2269 2346 2392 2499 2672 2735 2849 2944 3046 3079 3142 3171 3208 3235 3287 3357 3414 3482 3534 3720 3814 3855 3937 3987 4094 4177 4263 4336 4408 4458 4530 4579 4660 4758
57 75 157 225 303 432 536 602 686 787 905 1004 1046 1103 1141 1222 1307 1352 1447 1540 1601 1711 1815 1870 1936 1983 2021 2077 2167 2281 2402 2547 2615 2662 2692 2743 2822 2974 3067 3206 3320 3450 3540 3645 3732 3805 3869 3985 4085 4156 4225 4341 4376 4468 4498 4573 4712 4785
61 76 155 284 416 473 582 715 789 841 918 998 1039 1115 1213 1263 1302 1396 1483 1600 1755 1840 1917 1990 2063 2117 2177 2237 2297 2364 2479 2533 2629 2748 2781 2861 2940 3101 3166 3228 3312 3368 3428 3529 3593 3700 3736 3849 3979 4058 4170 4244 4284 4327 4395 4499 4551 4609 4686 4722 4776 4848
56 77 133 194 280 367 466 555 647 738 801 851 987 1048 1200 1321 1360 1476 1613 1679 1745 1859 1912 2026 2115 2159 2254 2376 2436 2522 2597 2652 2750 2848 2923 3019 3189 3275 3359 3447 3568 3672 3789 3834 3946 3980 4062 4114 4201 4251 4349 4428 4506 4621 4694 4769 4865
61 78 227 319 378 437 563 689 726 769 886 956 1024 1108 1208 1264 1346 1395 1446 1516 1666 1716 1792 1872 1901 1967 2068 2140 2232 2311 2372 2455 2527 2587 2661 2726 2795 2901 2961 3020 3084 3143 3205 3246 3334 3460 3542 3661 3757 3872 4024 4093 4161 4223 4282 4370 4520 4601 4665 4703 4755 4836
58 79 156 296 382 435 574 742 786 819 926 1054 1126 1205 1251 1375 1466 1575 1604 1676 1741 1849 1913 1999 2041 2084 2157 2292 2361 2459 2512 2569 2639 2739 2856 2938 3037 3106 3188 3264 3396 3537 3611 3699 3782 3843 3875 3986 4082 4111 4181 4307 4444 4513 4600 4691 4741 4791 4854
60 80 119 178 243 340 421 543 658 721 796 870 940 1058 1154 1190 1258 1338 1404 1529 1591 1752 1784 1920 2002 2085 2122 2187 2231 2336 2449 2589 2634 2722 2767 2828 2893 2973 3053 3139 3260 3318 3409 3448 3502 3564 3692 3833 3908 4035 4152 4228 4313 4399 4438 4463 4500 4598 4682 4714 4833
60 81 137 245 272 314 411 500 569 637 758 862 935 977 1079 1193 1294 1392 1502 1584 1640 1754 1847 1909 2051 2142 2227 2274 2423 2475 2530 2640 2769 2807 2873 2971 3054 3116 3202 3265 3354 3468 3497 3586 3625 3665 3694 3788 3873 4006 4052 4134 4143 4190 4252 4304 4372 4540 4640 4793 4843
61 82 168 259 361 469 534 699 778 866 900 989 1033 1100 1175 1253 1295 1363 1467 1510 1565 1650 1720 1796 1880 1934 2023 2065 2124 2161 2270 2342 2412 2519 2617 2656 2730 2813 2902 3024 3107 3181 3204 3276 3393 3399 3525 3614 3680 3742 3876 3982 4095 4146 4232 4296 4385 4485 4529 4625 4736 4829
61 83 130 234 336 486 539 653 725 832 885 957 1041 1110 1167 1184 1214 1286 1344 1428 1470 1550 1597 1646 1700 1807 1925 1942 2016 2082 2191 2262 2335 2442 2521 2575 2624 2674 2740 2784 2865 2996 3122 3153 3239 3314 3386 3473 3545 3695 3798 3912 4010 4098 4217 4318 4388 4457 4563 4652 4705 4807
55 84 134 270 341 406 489 580 687 763 824 907 1044 1143 1194 1311 1400 1458 1519 1558 1636 1665 1744 1820 1879 1945 2039 2193 2275 2367 2470 2602 2686 2824 2992 3031 3190 3356 3456 3504 3590 3646 3759 3866 3913 4002 4071 4180 4254 4383 4471 4517 4596 4727 4773 4852
59 85 158 242 330 445 488 565 745 849 944 978 1029 1089 1150 1211 1299 1383 1486 1526 1620 1773 1860 1960 2069 2131 2217 2264 2320 2371 2410 2472 2531 2580 2695 2765 2823 2857 3003 3109 3132 3278 3339 3453 3604 3664 3773 3853 3900 3981 4032 4157 4237 4320 4396 4482 4572 4668 4783 4844
65 86 140 235 274 315 375 453 479 556 640 739 798 932 1013 1116 1158 1256 1333 1411 1525 1603 1697 1775 1898 2004 2060 2114 2146 2203 2279 2332 2406 2474 2513 2579 2668 2716 2770 2840 2951 3014 3108 3157 3217 3281 3378 3485 3580 3621 3656 3709 3750 3830 3943 4047 4105 4175 4297 4342 4456 4542 4581 4674 4752 4847
56 87 147 293 427 545 694 779 890 958 1075 1198 1281 1414 1517 1559 1619 1690 1736 1831 1939 2020 2093 2138 2178 2310 2421 2562 2648 2681 2742 2863 2964 3060 3198 3250 3321 3391 3431 3458 3523 3571 3660 3749 3842 3909 3970 4045 4202 4309 4351 4469 4603 4677 4786 4827 4863
61 88 114 210 294 362 433 494 533 605 676 784 828 917 971 1043 1127 1169 1220 1342 1485 1530 1581 1624 1704 1768 1842 1955 2000 2102 2188 2261 2362 2438 2550 2659 2744 2809 2928 2979 3071 3160 3212 3283 3358 3382 3515 3533 3639 3738 3818 3887 4007 4136 4230 4262 4356 4470 4560 4618 4681 4802
62 89 239 345 434 554 642 752 805 881 945 1045 1134 1204 1238 1273 1337 1442 1491 1531 1606 1743 1861 1957 2022 2121 2204 2298 2351 2445 2489 2564 2608 2694 2761 2878 2980 3119 3247 3290 3338 3369 3439 3495 3520 3594 3707 3783 3821 3928 3969 4067 4126 4197 4292 4357 4439 4478 4558 4612 4728 4771 4862
63 90 146 216 231 289 343 430 503 633 688 781 834 915 1021 1096 1118 1165 1268 1320 1429 1471 1527 1622 1681 1819 1953 2059 2145 2212 2244 2385 2448 2509 2590 2655 2721 2796 2887 2927 3017 3115 3187 3328 3377 3478 3569 3635 3688 3791 3902 3923 3962 4039 4090 4154 4248 4378 4488 4587 4610 4683 4717 4799
62 91 173 258 386 467 576 684 735 764 825 892 954 1034 1109 1235 1276 1334 1382 1460 1570 1615 1702 1756 1829 1929 2061 2171 2211 2285 2365 2473 2514 2570 2600 2619 2676 2752 2819 2895 2983 3044 3085 3167 3261 3398 3477 3567 3629 3691 3752 3863 3910 3964 4060 4149 4242 4397 4472 4539 4635 4715 4826
62 92 125 166 263 324 369 446 547 595 719 800 909 965 1012 1036 1093 1174 1247 1402 1541 1641 1703 1793 1878 1911 1979 2011 2099 2152 2250 2309 2439 2506 2586 2706 2758 2869 2966 3066 3158 3203 3298 3380 3484 3605 3666 3718 3795 3870 3919 3978 4053 4122 4145 4247 4363 4406 4523 4571 4651 4713 4823
56 93 131 202 323 391 428 499 571 612 678 773 830 901 970 1072 1161 1226 1269 1368 1459 1588 1631 1750 1830 1928 1971 2096 2194 2301 2382 2430 2484 2605 2688 2774 2880 3004 3069 3162 3248 3469 3582 3689 3726 3884 4046 4125 4229 4321 4427 4452 4534 4641 4759 4800 4869
59 94 120 206 358 455 532 589 662 685 762 877 959 1078 1135 1186 1241 1345 1475 1582 1655 1742 1797 1845 1931 2018 2100 2198 2316 2387 2461 2566 2641 2687 2753 2826 2925 3038 3137 3214 3346 3501 3536 3588 3659 3724 3794 3953 4019 4120 4166 4207 4268 4340 4409 4453 4564 4638 4718 4787
61 95 110 170 266 383 450 511 608 695 755 839 922 995 1042 1136 1236 1309 1390 1474 1542 1602 1667 1761 1821 1915 1963 2038 2095 2192 2256 2319 2374 2460 2480 2535 2607 2683 2806 2908 2960 3076 3176 3309 3425 3449 3514 3627 3701 3784 3865 3949 4050 4123 4222 4293 4390 4501 4584 4634 4709 4795
56 96 171 267 400 480 558 648 710 816 951 1030 1117 1240 1327 1436 1498 1563 1675 1748 1802 1855 1927 2006 2144 2230 2303 2399 2478 2610 2714 2782 2805 2868 2910 2955 3057 3124 3194 3301 3375 3455 3518 3549 3649 3733 3793 3968 4044 4139 4212 4316 4380 4474 4566 4672 4782
63 97 109 186 229 300 404 496 583 712 777 804 863 1011 1083 1121 1171 1243 1323 1362 1416 1513 1589 1705 1862 1894 1989 2066 2129 2199 2354 2415 2493 2536 2611 2696 2785 2860 2936 3049 3117 3196 3305 3387 3459 3526 3579 3648 3761 3809 3877 3924 4009 4106 4163 4198 4310 4353 4423 4476 4611 4726 4772 4841
59 98 164 217 247 363 475 524 630 810 880 1000 1077 1168 1188 1232 1310 1354 1457 1518 1576 1693 1776 1881 1988 2047 2119 2181 2207 2305 2349 2453 2573 2638 2773 2890 2975 3027 3105 3207 3313 3345 3442 3554 3657 3745 3802 3850 3929 3998 4070 4171 4226 4330 4387 4496 4532 4639 4716 4814
57 99 195 209 316 414 444 483 540 606 674 737 861 999 1069 1114 1249 1379 1528 1648 1698 1769 1818 1949 2042 2186 2278 2379 2464 2503 2582 2637 2727 2839 2919 3045 3149 3180 3258 3289 3371 3467 3544 3690 3756 3819 3892 3950 4018 4048 4087 4218 4319 4424 4602 4696 4765 4839
