19 1900 9090 6410 5663 3453 292 8938 1436 6098 5564 9482 5302 6883 1681 6920 2631 9072 184 5747
22 1992 5237 7248 35 208 8151 7933 2810 7805 3754 808 319 3269 543 6366 1402 279 5233 8673 8813 5183 6620
10 2009 2079 1995 8554 2997 2473 3439 584 1159 4915
13 2135 9402 9965 4064 5602 4656 3194 3117 7445 5910 8099 4329 456
23 2356 4781 1142 3375 8681 9681 529 2304 9062 5702 4247 8987 3584 5289 2513 1255 5804 6625 3027 3913 72 3455 6478
8 2432 7810 1674 6711 210 832 8306 7627
15 2519 7140 2915 533 4869 9419 4643 646 1441 1143 4559 728 5396 9506 5522
17 2571 7435 8447 6718 3594 9949 4958 9975 8956 8820 4787 4470 4038 613 5168 1463 2582
11 2581 5668 387 8904 1771 689 8475 3009 1286 3628 3503
15 2695 4546 7546 7085 9064 9138 6719 2270 6677 4561 3174 3213 3072 1670 7960
23 2920 3049 892 5285 1503 9450 330 3366 3970 8101 546 6121 8801 3997 9592 2125 6290 7394 9113 1818 6798 6469 1806
17 2949 1609 2511 1908 7434 3732 1352 6597 2453 2648 6103 5380 8540 2580 2478 4950 1535
24 3156 7114 5369 1830 3840 1557 2776 5043 6956 2386 1098 1101 5031 6727 6910 2636 5999 6810 5730 3266 6556 2563 4982 6590
9 3253 2942 8328 135 1963 9182 633 1817 7288
8 3580 7325 1721 8129 6948 701 1469 4036
12 3629 7612 3601 6547 4450 2667 3896 9741 2366 6696 7440 6527
15 3696 409 4872 1110 2415 5099 4072 3924 7205 6772 8544 8166 1296 8115 7047
17 3869 7287 3461 168 4003 4652 4913 1109 3624 8103 1264 1461 3436 4043 5734 9470 5763
19 4008 8783 8979 8382 9104 1102 4764 5170 578 1338 7474 5709 7940 67 6038 9355 9547 3152 8672
6 4078 1372 5890 498 9954 1922
6 4094 3655 368 7276 6190 2486
20 4309 696 6053 4482 3026 5135 2434 2984 6331 5824 3085 4314 5155 11 5600 2990 9237 2632 2903 7720
18 4377 6485 1530 1221 2856 1667 3818 767 3609 8500 3905 7967 912 9376 8437 9250 4454 3650
15 4435 2357 5295 1755 7682 4503 1412 1476 3691 4802 8551 6231 3251 7094 2099
8 4525 7455 7585 1260 476 9724 9870 4560
17 4839 4877 4935 4720 9179 657 3904 9612 6674 2901 6201 4272 4044 4805 8264 7521 5217
17 5018 9046 6168 4875 7662 6196 4371 3247 7715 1008 272 6548 4682 2344 149 8068 8821
15 5137 9011 2291 7187 1330 4892 6223 1897 4106 2390 6326 9533 1567 6033 3360
16 5299 7028 608 3200 7668 1245 2817 990 388 1248 1470 6181 1591 2765 4190 943
10 5335 7711 7779 617 5770 9882 6800 2769 3341 370
16 5440 3249 7224 318 2754 7239 462 3507 202 5801 1772 4993 2414 2348 104 2351
17 5868 6658 8573 448 5678 1046 8412 8617 5009 9238 402 484 6743 3595 9152 7583 7741
19 5970 2603 5500 5829 8093 4658 8609 3513 9132 147 1259 5700 6864 7918 6888 1822 6495 7999 5969
21 6002 7186 6068 6125 3666 7211 2927 1733 9546 3181 294 7903 8603 5372 7389 2034 7262 3536 1690 7871 973
11 6031 4184 5263 3949 444 9516 7078 5959 947 7909 2991
13 6252 1955 2240 2343 9106 9000 9230 688 2129 8199 8920 8362 3076
15 6403 2455 8665 156 5809 2565 1709 5040 1747 1783 9988 9183 214 6859 7327
12 6412 3990 7975 4011 6460 5016 2213 6486 9630 2398 2892 2451
18 6466 9820 2742 7602 4657 6305 5050 4664 1062 7769 7498 8237 4266 2151 4582 1154 2777 288
18 6670 817 5006 7236 3921 1684 9118 1676 6082 3735 9849 3432 3163 4093 970 4359 1382 9318
21 6783 8932 6155 3083 846 6969 9576 8190 9539 3133 6582 6808 8450 4378 6730 7645 6861 8591 453 8153 1289
5 7005 5991 9195 7990 7025
9 7013 6742 8072 1656 3610 7363 732 1918 7273
12 7109 3865 8128 66 7256 8909 2395 4353 7422 4019 9659 492
15 7270 1313 2072 40 2921 30 7749 3761 5041 6678 2116 4335 7137 3437 2545
14 7399 6199 1524 119 6392 5783 6078 46 4006 9934 5597 6734 4517 748
14 7463 666 2639 175 7812 4884 1188 8819 5992 278 1277 6612 6854 6790
3 7475 8227 9249
18 7928 7993 8574 2717 5287 9288 4653 716 8691 6345 9474 936 6184 6513 3101 5019 9416 9725
10 7956 7129 2681 4686 7277 6024 127 9186 2607 4420
11 7965 3245 2230 4153 4629 2654 9027 9054 3225 6983 5639
13 8175 3708 9712 6178 215 6642 93 7757 4660 4382 8873 7802 4262
21 8292 7198 9806 780 1685 5069 6871 2665 4355 7829 6865 8229 8743 4515 9784 8961 733 8270 6977 8060 9295
9 8310 4873 2422 3490 2382 1529 6268 3282 8563
15 8640 3311 3821 6220 8795 9068 2320 244 1309 4532 8502 8918 6821 7147 6504
11 8773 802 523 5074 3271 8326 3186 1073 1668 4000 3982
11 9256 1588 3057 7684 2467 9767 6774 5561 2279 195 253
19 9313 190 3773 9485 266 9832 6618 5400 5514 1716 8244 1012 2051 9583 6187 8250 1999 875 1053
8 9393 6745 9804 5553 2375 9091 8165 470
10 9504 6173 6138 7220 2506 2443 5309 6608 3511 6376
12 9707 3294 6455 7102 3616 9065 7665 97 542 8659 8926 9287
19 9913 1489 8575 7209 2696 5622 8998 1947 7726 8491 4343 4125 1071 6609 7024 8524 2062 2284 7661
13 2465 8029 7927 4826 5054 3993 7636 4400 7216 9928 7453 7630 6560
17 9976 3236 8203 284 2635 4585 422 1553 3434 5632 3851 3673 7926 4055 3145 6773 7528
15 4379 9452 2782 1723 8796 2207 159 553 4828 2192 4282 8793 4073 4898 7206
14 3607 6404 7768 615 1201 8831 9923 1181 9763 8383 8779 7619 4681 6802
13 5497 2589 7347 4123 1748 7624 3340 8470 405 243 5943 8471 8583
21 9847 3197 6206 7243 6000 4029 6216 8642 8597 8737 4858 9478 7501 1199 2154 8108 6339 510 2148 7313 5739
15 8878 2523 9527 9381 1523 2121 3874 7987 4340 9150 9213 3351 1964 8729 4745
13 9752 2297 8079 4244 4068 6253 5073 3894 2959 1047 9867 2721 7917
13 2735 3546 4455 9045 7554 1 7732 2652 6962 7770 9992 6515 7286
17 9084 3758 7430 6749 7152 5838 5951 4879 7569 6566 5250 9321 1308 1624 6325 5877 7848
18 7429 2166 697 2605 4250 6141 6580 4930 1862 8485 5064 9143 9826 3221 9460 3495 997 4144
17 7657 7889 6804 9640 4405 7912 2362 4415 6161 1639 5176 6779 5417 2762 8881 1538 250
16 4090 7180 4624 2112 8188 2173 8018 4594 7843 355 4358 4487 916 293 1340 5478
18 3442 3640 3092 8133 2916 9410 1263 5116 9222 121 8033 130 862 6451 8547 3137 5919 9079
12 5693 4706 3362 1565 9074 350 724 9205 3241 9780 8107 9153
14 672 6654 6239 3050 7492 2653 7643 7629 6757 9980 5462 9001 1844 7331
17 6822 9935 2626 6360 8614 5428 3468 7150 6248 8988 9015 8741 9593 3141 1525 8992 3283
17 4494 7512 9543 2305 4613 5662 7364 7387 7143 2246 9574 639 614 2994 3832 1566 9363
7 549 4208 7638 2518 4602 2660 2561
18 9619 1113 9559 2537 2570 6825 6896 5279 9641 7691 5481 7142 7672 9278 4852 9704 676 9665
14 1305 5218 3430 5732 146 2171 2556 3278 8007 8976 5104 684 3234 3013
14 9563 5358 1869 3602 9557 2077 9202 6989 993 3099 2842 6238 6047 6543
19 6263 5727 9401 8157 2031 6729 7019 7729 3930 5001 3496 8063 695 5640 3150 7944 333 2834 972
10 5192 1323 5954 7444 1282 5587 5565 5484 9651 9233
11 3055 9347 2642 2896 8112 1239 560 7761 4989 1855 8689
16 1097 7864 8548 7580 3795 8682 2852 3746 3829 4939 4772 3293 1387 1982 4280 8336
21 4601 6189 3891 5920 9345 3054 6336 2527 5260 5465 5608 7222 1688 7935 6926 4906 958 1266 731 1933 363
11 9003 7687 1697 8803 3936 3421 2595 4351 9863 8390 8584
16 2247 3575 1363 6021 164 4854 8595 2675 2966 2174 4773 9754 2596 8749 3856 6600
18 2015 5189 8445 8403 2480 2035 6930 6179 52 7267 7231 6406 8431 6122 2189 8539 9348 3395
9 4742 8965 9751 9299 7620 7132 6970 6522 2939
18 700 1406 1121 9586 3051 552 5082 4636 8062 9950 4114 7490 4060 8775 1905 2299 3660 9572
21 423 6794 8370 9382 656 823 3338 9075 4776 4491 2374 6120 2804 2479 6824 8516 909 6505 2749 1719 5979
14 8518 1637 5517 1206 8379 9729 342 5201 9330 9722 8616 7340 7461 7958
14 1273 8557 3989 3717 6903 7494 8555 643 9817 2910 2078 9023 7506 6755
12 8731 3579 9556 7000 6438 992 85 5579 353 23 216 9049
20 6689 1194 4665 2245 1627 4544 5724 5374 5100 6393 3476 1389 4539 692 4825 1236 3406 3130 1026 9111
9 8890 3047 2835 5092 4033 7298 5904 8381 841
18 9514 1407 3024 4299 6474 5453 8176 1583 1725 8610 9701 4211 6793 4330 1513 2756 9548 8161
15 2720 1838 9495 3739 8955 494 74 524 7614 1715 9479 4365 7402 4730 5805
12 7861 1170 6159 428 782 4065 2406 8014 281 3570 2332 1626
13 3090 3527 4575 7574 3191 1835 708 3685 6067 6610 5715 1974 6947
8 713 8736 5480 2515 2955 6442 7265 4076
17 7936 874 9037 772 1985 6579 9228 1930 1638 10 1123 4688 7538 6226 5722 9946 9021
17 6277 8149 6786 4863 8791 2781 5088 6283 2477 6297 3498 9141 612 5133 1383 6692 4810
10 203 984 7407 698 2945 4992 5167 9269 9086 8121
12 5934 3005 4194 3833 7464 1643 6312 5391 2396 6020 7354 9688
13 6901 5858 2690 2934 313 64 3062 1475 2107 4924 576 618 4138
18 6815 3276 4635 439 8940 7785 1453 2602 7984 7830 9379 395 8627 2729 3902 2461 6483 5963
19 7070 1492 9627 6029 8856 5234 1281 704 6971 9812 2054 7415 7793 8186 8218 6146 5032 2768 7797
9 4679 6669 921 9900 1620 6850 2057 1061 999
15 5445 658 661 7666 2992 9164 4659 1369 81 4969 2122 9694 3592 5340 4471
10 1105 6307 7847 4099 7762 7271 1166 7898 9418 7581
19 2883 9649 4794 4207 3398 6886 4034 178 458 833 8901 4472 7077 5172 9292 5184 9718 5984 1011
15 3817 1883 4170 9744 2333 92 9475 8228 120 382 2156 7383 3635 547 1057
19 9305 3409 5089 6942 4376 3112 1496 2930 4130 7275 1193 3031 3846 2504 1988 1649 5166 1932 2285
12 4059 1384 2957 9105 507 5751 8761 9070 8038 5878 8788 2956
10 1138 8302 8832 9349 5426 194 6578 6897 4614 9400
14 5324 9166 4200 4980 9549 3615 1381 8638 518 2978 5502 8246 1782 8317
9 1867 2233 965 4920 1508 8071 4734 6142 5589
19 4758 1512 209 2497 8042 3663 5830 5238 6237 4397 8239 4499 9983 4777 5122 744 9112 4565 738
15 311 2566 4862 4724 9424 7564 1051 9881 1861 3925 7529 8993 9480 9456 2186
21 6381 7020 2657 989 9512 1913 6009 9156 8510 3425 5725 9362 2737 5464 4590 1714 8284 6008 4578 1094 3387
8 2917 1438 7792 8410 5756 3789 7110 5473
19 6706 4387 206 8536 1491 6526 1349 1169 8272 5550 2989 2179 8799 2670 4128 6629 589 3961 4762
19 7957 9406 5049 1986 5539 9100 1494 5847 7764 9687 4690 8428 9085 1283 6833 5862 3674 6777 6131
15 769 8630 3067 9874 5888 1460 2551 7746 843 7316 8023 9324 8126 8571 2445
18 519 2296 7428 3512 9871 5291 9710 8695 2505 7503 4159 9319 9038 5658 5117 6874 8247 9957
17 5717 5875 1564 7737 4409 6648 3784 4744 5995 1891 8193 7796 8291 283 9798 7285 2685
22 4071 6135 9602 5120 3114 7438 2979 3203 3622 8266 1790 8026 6898 3454 3948 3404 4075 4217 9224 6829 9930 7153
19 606 6529 6004 5777 267 6357 9262 7043 674 8800 5619 2846 4824 2438 5314 9231 7454 2789 487
18 8708 1228 4255 4666 378 9617 9981 1509 7693 5967 1292 9810 3039 153 4746 186 8076 7419
11 3549 3540 7406 6409 2577 1845 8118 3205 4552 5441 386
8 7499 9733 3459 8309 956 1949 2591 1534
18 1776 726 482 4705 1693 4786 3326 254 6932 280 3750 8334 2859 5981 4549 2016 786 1989
13 3307 8484 7117 1527 854 6705 5766 7411 3418 8243 9272 1376 3011
11 8477 5615 457 1252 7994 7162 2076 2924 454 1067 6105
15 6663 5227 3572 2904 4733 2250 761 2217 896 6698 1942 249 4921 4012 5226
19 5235 477 4233 8448 6764 3420 607 2209 8631 9896 1392 6571 779 9421 2139 8169 7189 6803 5921
15 5300 7108 2235 9357 2969 847 3859 857 6684 754 5004 6171 6396 7635 9933
16 9409 8489 8892 1233 2651 8742 2706 1595 3731 9584 8125 7823 3449 3323 742 4025
16 8950 2748 150 5566 2261 8530 8937 3215 2394 930 4588 2444 3078 9244 3446 5106
15 3167 5808 3291 6643 4117 4832 880 9778 5262 7507 5243 261 6707 8283 6289
13 563 2780 6946 2680 1096 5306 9302 9462 7734 8143 4521 213 1853
13 9679 3918 4467 7479 9844 1393 1871 3772 6363 7510 6061 4423 7063
14 768 1852 9944 4107 5650 7777 6013 4971 485 6416 384 9397 964 5687
21 5860 19 8713 9805 8521 9562 7883 3119 7278 3785 7515 1299 8051 5301 2319 6165 928 4459 6387 1262 3777
15 8758 3976 5156 5228 6762 8506 8296 6386 1603 4085 9361 8935 4947 9442 6509
12 8670 8059 9229 4625 4457 232 7743 7260 1291 9629 8567 154
8 6916 6502 8967 4347 8325 5728 5681 528
22 9888 1414 513 5699 4020 6985 1294 380 3532 8984 118 7724 5907 8148 65 5559 6820 1307 473 4626 5068 1672
12 6807 5387 6756 9252 4699 9240 4718 9358 4518 836 5002 5705
13 2316 2738 873 8785 7872 7305 501 1592 5379 6262 5475 4874 1486
16 2061 5213 6164 9696 9289 7759 5695 4617 8058 2315 8746 7120 235 866 7560 6517
13 5086 2424 499 8671 6041 7900 8598 9884 9716 1042 1926 8495 9431
18 4058 2538 5540 497 6584 9564 7633 6163 3499 6885 9167 9908 5143 4770 1832 6552 3919 4529
12 4618 6139 5710 9286 8419 5303 5371 1364 1310 4710 6129 6801
14 7929 5948 7355 6132 6681 3295 3645 1394 5785 4429 1116 2068 28 3353
15 7561 1984 3779 417 5012 6814 7535 1937 1480 1831 2359 8261 7599 8010 7071
18 7401 8290 3991 3058 4940 8167 369 3258 7794 76 4453 3606 5880 7007 4407 1357 449 2995
10 2384 4137 2534 1420 2535 2268 3487 7860 5320 3844
7 4855 567 2975 9927 1787 3707 4360
14 273 3147 9524 8827 1179 7145 1924 9607 2526 9247 1781 5908 5575 3330
6 6831 7948 4278 8841 6945 2485
8 9325 3358 952 3776 5102 694 4621 8077
17 3444 4984 277 9297 3966 8368 8546 8694 2206 890 9734 7689 894 5259 1629 4712 5525
12 5769 9405 6304 1518 3680 5601 4017 5087 4105 5323 4301 5249
9 9140 2641 4196 3544 1792 9171 6272 8303 8553
11 4948 2711 4048 7811 9226 7920 7594 5864 5061 6043 1000
19 8703 1605 9666 8434 4016 3414 3721 7096 1189 949 1912 2023 1679 2882 9029 5292 7352 4345 5175
21 117 3257 1010 951 3270 9457 7245 3364 8996 7207 7167 7542 1368 9006 8400 7090 9554 4460 6763 3912 8200
12 7913 7314 7342 5679 3782 6059 1320 2175 1314 3568 8258 7543
8 6695 1784 7804 9151 7650 7192 385 3379
16 7040 7156 9267 933 4914 4709 3793 7037 2393 4111 4394 7483 433 9185 7195 5349
20 3855 3651 9469 69 7934 6652 5422 7203 5853 7344 514 7971 1692 8830 2063 2850 4912 7016 9335 1789
17 3371 7329 1054 4404 922 4485 8523 5994 1872 1531 6699 4204 8933 1761 4464 1371 2936
15 8329 5491 5771 6069 4704 2732 5701 7456 1779 3986 6203 4768 9542 5512 8822
18 9675 1773 2147 8348 6927 3669 7907 2184 4074 7266 991 8067 2159 4890 9727 771 1770 2254
19 6198 3148 9316 199 6771 4953 9276 1256 4497 8257 4031 799 2645 3967 9110 2153 9880 3142 1885
4 9449 8978 5982 4264
20 4307 789 720 2132 2937 9165 7558 9028 3314 9624 2938 9155 5042 1767 274 6083 3159 3567 5271 9350
22 375 1630 4833 8915 856 6026 6270 1250 5713 1160 2220 7221 163 3799 6389 7502 3877 9709 8656 6975 7365 1068
16 1040 6457 6200 3566 7840 5866 9604 8970 2110 1791 6769 561 5651 2308 8432 4631
14 222 8711 5917 4895 1504 15 816 7148 6622 8415 7735 3391 1749 2215
16 1005 1860 730 6058 1175 415 2044 2075 7014 5211 5268 4543 3625 8304 8565 217
6 9550 4502 5124 2866 5664 1502
18 3555 739 4112 419 1628 381 8504 7448 5914 2043 3509 9987 4899 3 1217 2142 9275 6906
9 1135 8768 8017 5442 3907 1834 9848 6264 9510
13 3578 3073 3393 7466 5451 4496 4821 6880 126 9658 7939 619 8971
7 5424 6150 3541 7097 942 1880 122
18 4894 9864 9680 4063 8324 5861 5452 1417 1466 4642 5486 7587 4440 2205 78 5548 7177 7061
17 920 3826 4661 3411 3915 1634 7901 7595 867 4907 2893 5094 1756 1814 1882 3352 139
16 9799 8458 2401 3475 6034 5913 1859 3798 8864 5635 8534 7651 3139 5733 6776 4925
16 2559 4583 200 3105 8991 7628 5642 6480 7988 6367 1197 3752 4533 4843 4290 174
20 6541 8021 5535 3108 9795 9492 645 6251 3524 6344 138 4866 6838 6921 6708 7842 2805 1519 7853 2876
10 961 3596 9320 7446 5620 4101 908 2288 9333 4082
14 372 7891 8254 2178 9392 9505 7081 1433 4221 2740 7626 6891 7978 6431
8 7952 6740 3557 1430 4070 1907 4442 2433
10 3654 2982 9433 5026 4562 2844 6042 260 8969 974
13 24 7398 3910 4228 7190 1474 1443 3675 5070 7339 8111 9083 305
18 2869 109 530 3066 1729 2999 5241 7941 5014 377 6909 4722 3463 3428 8906 1050 6823 6117
15 8962 5743 9012 4830 6615 2126 9836 5356 8895 3556 9758 8903 7130 4535 7773
18 4637 2536 3334 9735 6048 8094 2128 3621 2612 7754 7006 7610 9816 3045 3359 6923 8015 8003
20 4150 9852 5636 2216 2000 4986 6280 4331 691 2108 5835 9370 7366 9838 6519 1842 5976 2340 2204 2256
8 6115 8024 5983 8686 9428 809 6565 3088
12 3988 6329 1030 7086 6316 4028 8173 9889 5844 3230 6728 803
19 5885 6123 4910 7876 172 3807 7663 9684 8493 9639 5394 9219 2935 6712 9706 7046 3613 1493 6174
15 541 1803 8034 659 2906 6999 6848 6963 8911 3550 6281 7018 1125 7551 5882
15 4143 8262 8274 4285 6293 2105 5405 636 365 5901 6839 4523 4547 3413 7753
21 6228 8459 5025 9705 7787 8236 6512 3345 6081 2330 8533 1176 3854 2089 8764 7547 8693 9366 6655 2358 9489
19 622 6558 1177 6842 2352 8298 2954 2314 1391 2568 2630 1810 2498 8004 9917 6778 3233 4512 8438
5 1833 9985 2783 4887 9994
20 6961 9052 4630 5626 6446 2323 6133 2187 7555 2558 4853 550 275 2909 2722 8590 4997 2684 9828 2242
18 29 9920 5516 5477 3583 7386 2385 6484 2525 1117 8857 412 6415 2437 5689 6205 5080 3195
19 1664 8020 3510 57 2041 9135 2482 6570 9263 2790 979 6218 8815 4248 5472 9225 537 5625 9218
19 55 8425 4164 2881 3116 6647 4213 7176 7654 196 8212 678 8649 5139 3473 1597 7646 8442 2462
16 9523 7320 3947 7874 5158 169 1762 8806 5603 8075 8373 2086 5411 1876 5780 3553
19 9216 4414 9255 8285 2442 6261 853 2355 8542 2885 9859 4209 852 2218 4569 8049 361 7076 4419
21 9283 9473 9282 6922 4938 100 9242 9731 459 1458 137 5329 5039 4219 7021 6816 2017 3841 2996 8314 7966
12 4842 8209 493 3445 6398 1613 826 3646 6882 2541 9541 9835
16 2576 8158 1959 6425 2059 7916 9232 3155 7508 2622 6680 8031 6940 7531 3813 4100
18 4346 4693 8786 935 6523 9842 1511 1768 3429 8288 6751 5134 6605 7009 1914 6397 7397 870
19 1888 4260 9813 3632 4141 3636 2578 2360 8851 544 4564 3450 2373 9508 8492 4136 2364 201 180
11 734 7553 364 3952 4002 1029 3447 686 4663 4739 8252
18 3149 6849 9845 9702 1232 2661 1182 3531 1297 1820 2977 255 8705 4198 6846 4369 5675 34
21 7119 5818 2118 2440 5779 3232 7282 115 7532 9623 8562 4566 5527 3672 1590 238 1516 4632 9212 4963 963
18 4214 6877 6255 4558 3842 7232 6537 907 3227 8644 8664 6868 7647 5364 6858 3796 1604 7330
16 7862 6208 7477 8300 7873 1896 2397 5569 9328 6683 5373 3534 8576 2087 6813 7015
13 157 9463 5507 3193 7745 6134 9513 6085 7807 2960 4135 6697 4754
13 2986 9128 8224 1500 5627 3082 3940 3648 1220 599 7075 3123 7377
6 297 5113 481 6430 5091 6857
18 1978 2899 7631 9575 5107 671 3802 2802 6716 7576 6333 3710 4087 9022 6581 1682 3630 1965
21 3103 4428 245 2399 3554 152 7092 6346 9101 8869 7103 4714 9073 8339 9160 6378 4443 7588 6996 5421 3700
11 5341 8055 1208 8652 9644 2309 9103 2546 3968 6025 4165
18 2912 1024 6202 977 102 2919 4966 1325 3146 4224 9300 8624 282 26 1850 4647 2700 3560
10 3281 7704 8462 4246 4973 8155 7816 4270 5903 8025
20 5716 1013 5214 1326 4245 6244 9570 821 9822 5941 5708 2241 5305 8688 8692 434 7100 1450 7962 7124
10 957 8376 7372 7870 8192 2407 4212 7403 4715 4468
10 6724 4537 9385 3565 4035 1146 7493 8745 3962 1035
7 445 1874 4481 7516 819 8253 9175
17 3693 5744 128 1997 7337 5584 6089 6784 1459 5101 8481 9026 5313 1551 7405 7418 227
16 2020 699 3317 7196 751 6672 1943 4046 9192 5519 4840 5911 9384 4173 3397 7875
22 8395 7116 442 6550 6538 531 7263 1864 3657 3843 9438 1348 8182 893 1396 6462 863 5482 545 3010 1740 2913
5 2008 9137 2198 2573 4104
21 8406 4885 3396 8637 8989 2799 559 4256 5008 509 9303 7998 1774 9785 9351 3377 8621 4032 7582 4876 7107
17 5598 1651 6003 211 5409 7513 9496 7370 2264 953 2931 4964 5191 239 2431 6995 8680
19 3030 4648 326 5892 3433 5366 2260 8413 7045 2829 4014 6619 5532 6799 6682 8817 8855 125 6027
14 3471 902 8346 5712 2663 6182 2613 3290 6374 3165 8968 575 4694 3448
10 7141 3608 6380 9157 8767 8074 9571 1065 3438 4322
8 8102 5510 9030 9483 6746 257 3979 6014
7 8840 5990 3188 1399 1069 7798 5367
12 585 7210 6879 252 2228 680 9671 4388 5986 9739 9748 8954
13 268 2791 5554 5955 9511 7922 5628 7315 1644 7604 5123 2346 1058
19 4495 2838 2074 6984 3493 177 7309 8486 2898 5062 4608 9783 3893 3212 663 4188 5558 7653 1654
17 1353 7230 5748 5957 1797 9537 7730 9561 6630 3811 6722 4701 9043 5097 4789 7505 6855
18 5406 7471 5996 1904 9657 7882 1422 5764 777 9368 7865 8289 800 7781 1034 9978 1901 6286
20 8342 6752 3426 640 4318 348 3759 8809 4634 5386 3757 7384 9378 2024 9643 8343 5778 7099 2560 2447
10 5649 9926 5837 5193 6094 3157 7194 4096 7259 4941
20 7640 6493 3368 6567 3701 8353 9948 1168 8687 2907 6443 3135 3339 2400 6873 22 6604 5849 4452 9181
11 1528 2714 3129 8816 8085 7208 7534 7274 9632 7122 7819
12 583 6884 3866 5816 3906 3169 4477 3228 3211 1981 2758 5793
16 2941 2788 332 2967 1106 660 9273 8990 9408 5526 408 4685 592 7125 801 8810
22 8204 7846 9890 9613 241 5375 6893 4300 4398 8164 8953 7334 959 3070 1980 6452 6436 9939 171 5093 7098 4801
14 3025 1593 3354 9757 2787 7692 39 8945 2766 2557 3474 4669 1921 1555
17 1735 6747 6296 4807 849 233 4163 1911 8136 8650 4279 5072 859 3939 4276 1165 9866
18 5304 2123 4815 8653 4007 4713 8378 7457 508 516 285 6866 399 5470 2144 1857 3331 3389
13 4829 950 8560 6156 4937 1584 9998 6240 5704 6298 5552 8360 7800
8 741 3208 8902 8088 5256 2719 6928 8526
18 5381 3138 7465 5711 753 9645 3770 7169 711 9082 21 3977 151 740 2837 3052 7106 7556
17 9979 3951 3068 8464 7686 2119 5576 6491 286 7488 2601 2037 9779 6908 7790 1235 9682
20 8559 6110 4109 4225 1580 2181 1215 300 9962 2095 4206 4767 8494 1428 6292 3470 9498 1416 1322 2093
8 6321 9341 5210 8268 4235 1471 2947 693
18 3743 8848 1804 4050 1601 1222 5267 4021 9159 5899 7562 1045 938 4675 3574 5171 1501 2887
13 9581 864 1200 7226 4205 3102 1246 3007 1078 9877 1136 7385 1164
10 1269 3176 3816 2212 1429 4942 3235 6308 3484 1622
11 6039 6563 1799 6437 1464 5353 4851 3065 5384 940 2552
13 8520 2928 212 9579 1211 9911 1198 5163 3992 2715 581 4804 9683
13 3457 2436 3381 1738 9298 5278 7178 2501 1468 4237 6130 1889 9389
9 8728 5359 5205 1994 9925 4638 3115 5444 3374
17 4687 945 3403 6012 1977 8030 4326 6359 6243 9526 2760 7866 5556 7062 2325 2237 3061
17 3564 627 7648 4088 5351 9116 4139 4639 1746 1700 9912 3466 9667 6775 1819 1027 2004
18 580 4437 8440 7312 3319 3502 6274 715 4147 9823 6391 8064 3292 4970 5220 7549 7723 815
14 6649 2026 435 3972 7548 1745 5382 4433 2040 3561 3127 1695 129 9435
16 61 8739 6327 9464 6399 8585 2164 7361 2052 8027 2863 3154 8009 7321 8476 5326
7 4788 6924 5307 7710 5952 6544 6116
19 5161 400 5757 5212 6454 5799 3775 374 969 2875 4784 8871 2272 7164 6423 366 5529 4978 4469
7 6456 5034 4717 2745 6114 7809 2430
22 8179 7104 3786 7557 6356 9538 161 7642 4327 9133 3901 2547 2025 7712 3443 6375 3999 2861 6733 2634 6318 7786
20 6952 4959 6951 2425 6352 1465 475 4593 1311 4756 189 5684 7414 2841 8814 1800 6953 17 5350 5870
6 7877 2006 9078 306 7924 600
18 7799 9685 4421 3199 982 8529 4366 8263 4944 9837 1875 8134 8883 5794 4092 9148 8061 5968
18 489 842 6192 7867 32 3038 881 3839 425 1944 586 7763 5005 1130 6617 9697 1786 5975
18 9207 9996 5377 2686 5433 7135 2377 397 5219 8160 7149 2137 1499 4168 3053 4259 2084 1572
11 8184 601 6476 1016 7894 7065 3277 7351 9162 5157 7974
16 8420 2512 4507 1873 3879 8615 3124 7134 4441 4249 8416 7806 3767 356 8512 8829
14 8675 4511 3830 4202 1647 4372 4403 3098 4089 1004 8662 2417 8605 9929
16 6424 8323 502 290 9477 1902 2673 2753 6188 230 8620 5909 9843 806 9080 5098
12 5245 5466 7255 830 7685 2180 5344 3729 8807 7217 7520 1316
10 6160 315 1223 9251 2884 5670 8307 5284 1253 539
6 7468 6805 7615 1132 42 9423
18 1866 5112 4848 2056 6023 9375 9364 3261 9652 7592 8444 2402 1840 4473 5694 5216 3828 5851
6 3692 2736 8645 3237 2294 441
14 8578 1843 9963 4584 987 8097 8963 9879 8917 7718 5956 877 996 9616
8 9121 1686 8460 357 8750 4316 6414 6530
10 1993 1192 4792 6939 134 3300 6204 3873 4097 4289
20 3239 8586 9869 3022 7034 4645 7856 9458 4819 8407 1532 3765 3845 3328 918 9919 2039 8863 7832 1606
17 9901 7357 5887 3885 2952 6809 595 1846 7679 5021 2248 7341 1736 6862 6137 8842 4619
7 7911 1635 2718 8798 7552 9194 9686
11 9411 3196 7379 3370 7808 8981 2702 9553 4689 6591 4265
8 1563 95 6407 629 872 683 9886 7250
17 4882 8435 1970 6856 8035 6589 3867 9264 9611 1598 6157 133 9114 5537 9403 5274 8335
18 5902 8699 3603 8766 9042 1324 6247 3373 9077 5879 8952 538 8960 1031 7101 9661 50 2739
17 7229 9768 8784 6710 4291 2464 4880 9897 2045 4965 6562 4628 7462 5786 6542 276 1140
13 4066 8566 9830 9654 3036 7284 7573 9490 3222 467 5052 116 3736
4 6965 3202 3694 5506
11 610 5572 7373 9620 2741 141 9177 9346 3356 2413 1750
16 7318 8449 5541 1777 8421 1968 7118 5310 9566 4302 3044 9208 6641 736 1411 9824
12 2429 1090 4761 9634 5656 1319 3505 5767 1275 8997 8141 985
22 6633 166 6765 2036 4396 1884 3435 8973 9265 461 1302 5567 6915 9790 4916 6726 7368 77 6714 5577 4597 9293
18 2278 8104 565 7323 9190 9610 8037 1537 876 6907 5630 4981 4121 2923 515 3763 5258 8048
8 2774 9191 1276 6645 4806 2585 4027 7750
18 9020 6735 975 1272 9018 9209 6639 7068 4623 9268 6905 3372 6306 7791 9163 6540 1072 4461
6 2418 7425 9955 3808 9902 2528
19 9291 9974 2495 9951 4587 6402 9158 1415 5915 4857 6106 2229 6235 1328 5083 4845 3489 9862 1941
6 9626 7575 4384 9436 1753 3161
12 9187 5393 5425 2167 6076 871 6902 3469 7381 8550 4317 4567
20 8509 5721 5686 6703 2140 4607 5457 6832 3946 1561 4667 793 5247 8755 4489 6574 9967 53 855 2712
5 4586 9459 9031 414 7328
14 4644 655 403 6657 4775 8401 7680 2439 6974 4809 6102 2793 6149 1671
18 2327 3170 8207 4782 8187 4595 7041 4888 7697 2948 9720 463 5188 8293 5582 4692 1075 3709
15 4098 3384 6536 9743 1365 9972 6062 967 8316 3231 2141 83 1037 3686 5796
5 7227 5437 183 9447 500
20 6694 1100 3263 3585 5511 6966 7191 8860 9284 5033 4498 2958 8928 4167 4263 5140 8593 8669 7179 1351
12 219 1734 8351 8146 1111 3190 5169 4838 1424 8359 8387 7362
8 2176 4541 8974 8177 6863 4430 8197 3483
15 1815 2426 6836 6186 8772 9130 1355 7171 9234 8782 7048 9089 6104 6463 7292
14 3008 2293 3462 9947 596 2731 2900 8876 9394 2640 106 7613 2633 9425
18 5222 9306 2649 1863 376 6066 7837 6426 5998 1203 3079 3501 527 4312 9894 2190 5419 6754
12 8271 6851 47 6340 4171 8116 9833 649 2412 924 1824 3920
21 9670 9851 5017 5719 8995 9033 1631 2368 9248 4236 5933 7659 6064 6488 1395 3392 8811 512 5520 3738 4974
12 2944 1002 8273 8028 7609 5154 8545 517 8299 2950 6539 5655
17 6361 9246 825 7690 9738 8191 3451 5045 8667 7931 9322 624 9139 7904 3747 3980 6030
8 3321 4749 5583 4988 103 5925 682 9755
9 3647 4555 2383 4357 9270 8601 2231 8532 5000
16 8564 1625 9815 7380 7253 2857 7066 8214 6925 2191 3963 90 4985 8361 2311 6249
9 7716 1331 490 2345 946 4881 9821 223 556
18 113 3029 6265 8868 3542 4024 5660 9809 4834 5076 6056 4856 5317 9941 7326 1342 2197 9372
18 6913 6875 1240 7884 1587 3315 8780 7822 1541 6987 6036 2933 9444 9142 256 4878 6679 5479
14 6607 9412 5090 665 4297 2600 8854 4605 2011 5160 4528 4009 7605 7969
12 3168 271 4673 7683 9314 2751 2867 1967 3959 594 9092 2682
13 2313 7451 2539 3614 9655 3285 3216 2341 3201 8549 2644 8569 7839
11 1724 8629 4836 5495 2404 9019 2281 1435 8127 7417 9055
13 5402 4352 5503 6659 5221 3173 7004 7091 5958 4067 1796 8513 3682
11 6900 2106 248 8823 7698 611 2033 6313 8719 1431 3824
22 2507 2784 1267 7172 8110 8259 6422 9952 7234 4293 3862 2548 9968 2713 4893 2614 6234 1870 7707 3399 6006 7072
15 5343 4084 7572 7174 3778 4798 934 4871 2048 2796 1448 8345 8344 9774 5071
8 3667 5332 1079 7817 897 310 7237 2494
17 554 9544 41 6475 2470 1346 4045 9440 8505 1271 1934 2 4486 112 7570 5308 1956
12 7088 9503 4703 511 8194 3958 4119 4227 3086 2599 7886 2354
8 8587 2963 4867 3605 9819 3760 2082 1444
10 6418 8792 6128 7382 5036 9466 4356 3623 1785 4646
17 9698 3160 6450 9109 4615 8804 9481 8220 9388 3895 6379 7392 3121 3753 3494 4232 9868
20 8698 4223 8198 1186 9497 91 1081 6593 3909 8312 8109 2104 5768 8916 774 2851 1953 1727 2943 5738
10 6780 1973 572 352 6319 8646 1337 3699 1854 155
19 6767 5487 8040 7567 4115 5593 9035 3974 6904 4456 9056 670 3316 6444 2532 4903 3551 8473 2522
15 6044 9087 3017 483 986 9737 7113 1104 6140 9800 9407 5929 8986 1976 5852
13 4056 7082 7637 9353 7193 8367 9429 6744 865 3847 6830 2611 4152
12 2531 3104 6338 6634 1910 9678 4344 8245 4449 2021 7972 9708
17 3410 328 5282 9625 5352 2160 4274 7301 7915 1979 1539 4654 4651 37 8833 9943 3178
7 5881 7346 6601 7080 6596 3308 1339
20 1879 8277 2973 3938 506 2409 2831 2797 1521 1257 7197 7727 536 4086 7296 776 9337 173 634 9732
10 8086 2143 8588 8219 7579 3477 9647 2388 9377 6785
11 8189 6741 9487 4520 3465 8661 5389 4251 7353 812 8824
6 2828 9595 4154 6818 3539 2621
15 1794 7319 1655 3325 3482 4195 1660 5105 8446 3722 2694 4698 6176 1827 450
12 7849 8073 3875 3740 225 1023 7857 8242 8628 1920 1945 2274
18 394 1689 1640 4410 3537 9199 4696 1455 5792 1589 8843 8826 582 4747 1041 4620 7497 4258
9 6269 6377 6172 8872 4979 3016 4218 4902 8294
19 6843 5746 1218 9769 9002 6638 4990 9858 6587 2290 193 9441 3075 7755 7566 338 714 8599 9740
14 5027 5654 5562 2771 4113 4062 1960 4426 5523 6447 6167 242 7782 5360
17 7709 3424 4349 3783 6119 9134 9846 2275 6197 3210 8366 3077 9136 8958 9331 3242 8081
16 7188 5060 9636 2825 8882 3530 2292 4406 8721 2452 5385 6602 3299 5729 8738 9914
17 1332 3329 4080 9071 9761 5962 3981 1710 2234 3597 1946 1741 8748 4368 5357 2567 3935
9 4475 1421 98 5187 5815 105 883 4796 6811
18 7064 7677 6420 8747 2060 9127 7010 6737 2115 3790 6301 8225 4711 2710 887 4323 534 1163
9 8213 5856 8835 5182 6575 5690 6213 2053 4591
12 6912 5240 886 5782 9420 1612 2370 5023 3416 3748 1229 7699
19 8787 5698 8338 6413 3220 5674 709 379 2065 2874 7525 2042 3267 6353 2244 7708 322 9395 4234
16 3697 8426 9628 5621 6101 5557 2809 1568 7949 6806 2808 8140 3689 2854 8281 2269
20 4536 3849 839 1386 6739 9872 8951 775 2543 396 3394 8159 8511 5692 7701 1702 3256 914 6332 3521
16 6656 2520 7249 9254 6498 895 6222 6279 4800 3751 320 304 6459 1145 9239 9594
16 1227 9691 9631 1550 4957 2981 9964 4677 9789 6211 8105 3182 5180 6982 2109 6583
16 7293 8774 718 6503 354 6967 5803 7778 2693 9221 3593 889 7788 7914 1743 4850
17 2324 2335 9633 2338 4493 9742 5298 1048 5610 4550 1317 9534 1720 1345 3508 7820 8676
9 5971 1251 6473 4411 2972 5872 5810 9193 6686
19 6662 9274 6245 7442 9180 1152 3122 4328 3305 929 8760 3547 3714 3573 8725 5420 8931 8763 2785
12 1447 8715 9144 5347 7246 1487 9044 5208 4919 3262 3756 1171
13 3333 1778 1886 1752 5534 2468 8150 6713 3661 7879 495 3973 9674
