30 2635 4830 1348 128 7699 9980 4903 7239 939 8553 689 6989 8558 2743 751 9197 4125 5493 744 8459 6219 3874 2284 441 9277 8979 2959 5970 9882 3876
27 6933 1415 2557 8130 4910 7667 9223 800 6567 203 8159 6581 710 673 2006 3599 4522 9070 4853 3900 5814 8451 6619 5586 950 2809 819
33 5260 3288 182 665 9378 4152 4302 93 9880 4003 4652 5480 1214 387 1544 782 6398 1457 2219 5958 5003 3261 6604 9578 8344 6281 6289 1957 1626 453 5678 6133 9307
29 493 7781 446 4217 2841 5368 3225 7751 8460 1081 6856 5292 9845 4829 4761 815 7888 8461 8684 7067 7085 1110 8929 5677 9148 3906 2620 9403 6301
29 7590 7382 5756 4773 479 1059 3455 9322 6481 971 466 4370 5407 1986 1723 2520 8015 8341 7200 5464 8868 7 3230 8202 5624 4287 2737 7965 202
25 333 5535 9635 1250 2058 173 4145 3835 8562 8855 7792 4417 7099 3470 2111 5651 1803 2733 8280 8962 2926 7810 2119 9650 8265
27 2098 2713 5195 9836 4286 1681 167 9892 6854 4264 2011 6025 4713 7171 8999 7823 5733 3788 9357 9682 2483 8747 5795 2616 8412 1690 4188
28 6261 3877 3630 5247 6275 8765 2918 8737 1707 1797 84 9280 5808 1068 8288 6649 7447 5061 9105 921 9108 4255 2976 3710 4735 6332 4235 4329
28 7759 625 7222 417 1700 952 9329 8897 794 409 878 9051 8722 2903 1094 1416 4838 8480 8171 6957 151 8998 10 2115 8782 6029 8768 7756
32 2734 6330 6597 8027 4249 2147 4530 745 8741 200 8912 7614 7336 1206 1459 6406 4288 234 8242 8226 6050 4451 3732 5891 9926 9306 2437 2046 3938 3457 1027 5638
30 6599 1187 4805 5965 2736 8234 9678 9504 1368 6470 8874 8122 7423 865 9389 3437 6653 6302 9776 4023 5697 3933 5710 5305 7306 8343 8637 47 6969 5674
27 3060 9561 5206 3618 460 4248 6727 3430 9976 569 7157 3028 4471 2034 4310 5098 4261 148 1438 9313 2875 6489 4593 105 3663 9555 1921
30 2446 7642 7448 1816 1835 7742 6718 9831 7065 2707 5055 1708 7824 2382 9411 604 9630 5239 7189 7510 7573 3690 8704 5264 296 5016 891 8070 6737 711
33 2234 8372 3209 9826 7871 5185 1737 1795 5796 6128 3558 3100 3130 5397 6651 7990 2004 9996 3418 9587 4389 631 3282 9234 3307 9036 2883 8043 6533 6673 8151 277 7010
26 5454 7229 7606 1751 8745 9752 4309 7489 8649 3320 2647 2577 5450 1517 6432 7500 7143 4686 6095 142 9536 1108 4020 3607 6842 4875
27 2922 2830 8948 5632 837 6710 6409 9425 6860 1668 7000 3795 5761 4226 1496 6953 6400 7225 5194 4216 1162 8243 6833 2514 4552 7422 496
29 2772 4349 5595 667 3177 6379 4975 2771 420 3791 9993 3834 1262 3941 2220 2060 5737 5248 9487 8138 9137 6923 11 8818 485 7858 1105 5216 4347
30 8033 1817 5475 1407 7232 1923 5683 6389 8251 3683 8689 7039 5249 1321 2082 3514 3137 9021 8082 4595 9944 7971 7266 3070 2405 8018 3148 3956 6942 2217
27 8103 8561 9194 1040 8513 8438 4200 4694 177 4638 3892 798 709 4925 1914 3344 5924 1611 8827 7550 5933 7895 1786 7991 4380 2985 4821
29 4172 8246 5771 4458 1442 1276 9229 8389 9006 1233 9575 7766 9179 7258 3446 2549 4113 1977 1780 8113 6514 2356 4651 1311 88 1209 7741 2099 2791
28 5634 773 8523 5476 5263 3 9719 8790 2313 8486 7473 8191 6213 1847 1451 2225 4656 2521 6827 6381 9341 6080 4336 2257 6041 2380 4097 5723
32 6428 3265 7235 2693 1745 1239 1969 7408 6437 6793 5769 1269 3743 4988 907 9233 6228 8780 3067 56 8491 9846 4464 2861 6645 1107 3627 2383 5196 5774 9802 8009
28 7245 2297 7011 817 8820 2024 5682 6643 1944 2281 3212 5509 2610 9222 8140 5546 9323 6512 3329 7495 5283 7250 7967 218 8559 4981 1891 8180
31 45 2414 286 7115 5553 4455 5313 4323 9133 4263 7097 1688 6191 1436 1418 559 938 3499 1763 2229 3007 4668 3750 8706 9953 2718 2510 8376 7938 1315 7833
33 8854 474 7096 7394 540 4715 8615 8072 6411 4621 4444 9889 9857 3454 7846 1352 7053 6180 3193 1941 3638 9005 2871 6243 3864 9514 787 9912 1446 8236 4881 1793 4901
27 2368 1377 2000 4824 627 5867 1657 356 8391 9689 1389 3685 6757 7033 9050 3890 7103 8800 8767 4675 4729 821 9978 7396 8195 2493 9941
29 9475 1204 3878 3460 2940 9735 8046 1547 6112 550 7415 4833 7645 2080 198 5067 758 4103 1450 9783 6949 4253 5190 4783 1834 9579 5712 6038 2338
27 5679 3827 8710 9891 5082 5348 250 5274 87 8309 1694 4375 7860 3175 920 4955 5567 8804 6087 1510 5172 1731 2478 3993 3083 3580 6625
30 3042 1062 8851 2469 2906 9790 3755 1414 6393 9327 5904 7082 9247 8455 2463 3893 2551 4368 3672 3639 4946 755 3255 5807 7892 6139 4105 587 6271 7775
31 1666 1143 8399 6655 9884 3266 3118 1412 8577 1620 3254 4888 2867 7554 9311 7859 5752 5652 9427 440 9749 9199 1234 6391 9789 6782 181 8830 4699 9873 6148
30 5266 6956 7337 553 2042 9384 6677 7980 8913 2410 789 8025 2763 1867 9116 5600 9448 7681 6963 2899 3263 1945 1232 7933 8811 8823 7791 4695 9388 2783
29 6440 7313 8406 4807 3260 6889 1890 8697 3049 9184 2853 9289 7784 2097 1435 8507 5219 1905 5076 7221 6387 7634 6477 4463 1583 253 7214 824 6164
29 3039 2146 8383 2813 1614 2664 6262 5916 9619 7629 7209 1000 997 4749 8489 6968 2975 6232 7646 6468 1922 1953 1086 8685 2559 2533 4412 1697 8395
26 6613 5944 8492 5153 3417 2391 9362 8723 4520 1742 3136 2817 6439 6621 5272 8671 2974 1159 1514 942 2812 806 5317 4135 3071 4964
28 2440 8545 6931 6151 5349 7528 3847 6099 6615 230 3850 7071 7213 1128 5135 95 6786 7546 904 4860 4333 5715 6273 3848 7281 2523 4940 7577
27 6198 8644 5041 6475 7894 1380 899 6446 6944 734 7257 1825 7838 3705 693 7307 7700 8960 4094 2022 668 5088 5686 3450 6169 951 7471
29 1434 3075 8170 429 8193 2468 9571 4117 8783 7955 6171 7355 5282 8020 6945 6502 7853 7196 6905 7563 7940 2377 195 2422 8981 9774 1345 6843 6090
28 1179 1660 1364 6463 5171 7952 7327 6538 4889 3989 7906 8734 2923 8231 9381 3616 5484 4191 923 4649 1157 6592 5180 6534 5685 4714 4063 1651
28 8019 4447 9747 7648 2212 1996 927 4457 7664 4460 5327 7340 6143 9177 318 9264 5236 7141 591 7506 139 897 2865 1874 730 7900 2781 5988
33 156 1833 7984 1924 8885 7367 4573 3019 6752 4194 9442 8358 9910 2548 567 5427 5767 8732 2475 2631 4059 7410 1291 549 6894 9574 9468 4468 2927 4973 5491 1916 4625
29 6812 3210 8850 7798 3150 9625 5224 1342 9059 4031 2373 5770 9655 109 4546 7557 1887 302 8643 4846 7302 6467 7197 6317 4008 192 3345 7885 8805
31 1711 5326 3533 330 5115 422 605 6746 9121 3243 5838 1680 9664 2066 4045 8338 2508 8972 3376 1781 3885 4742 6555 3223 3990 5776 3841 2261 6503 8596 2634
29 1134 724 2156 5939 5903 4099 4186 5210 8375 2644 9675 110 1622 5964 9309 2617 9673 6807 2663 3569 8856 8359 1966 6593 3752 8522 6008 8443 9212
30 5876 8039 7918 1862 7279 4250 1283 1521 2908 4799 6872 5309 3356 8390 5048 6433 7909 1224 2333 9726 8869 6529 6071 3861 5981 1714 5430 2807 6546 1154
29 1566 4501 3929 4122 4896 6237 4082 8012 0 6547 9870 6606 642 9372 954 568 5643 9999 5495 1901 469 7252 7523 7730 9517 41 7852 3829 9138
31 2758 3756 8543 7060 5713 4278 760 5439 6276 5749 7771 7076 4823 3488 7025 4420 1662 9196 3641 8196 1931 5431 6525 7862 963 6260 5391 3311 1615 9100 9204
29 5959 2091 5241 9236 779 4391 1760 6267 7392 5523 2799 5420 2685 6337 337 8926 8190 6492 1581 8973 7959 728 2619 8965 3547 8658 2123 5365 85
29 9151 3562 6214 2512 8273 6016 7149 3040 6436 3176 2068 5329 6510 1314 8135 8519 2321 4991 3217 3617 4755 6801 7897 8306 7106 9094 7841 7555 5517
27 5604 7855 1067 3953 4181 5912 5506 1609 871 8760 5064 1935 858 1621 8124 9513 812 9530 913 3593 6694 2884 3687 3583 1150 9410 9510
27 9861 3179 61 2037 9907 5052 7768 1354 2457 4178 9855 9833 8426 6540 1173 2447 7848 3089 3097 3725 6316 4721 2862 3355 3072 1653 9770
29 4467 9696 1130 6595 6748 2201 6566 1770 7356 980 3215 1971 6357 9087 4136 1085 7739 4815 8023 2246 9000 2455 8102 5575 2104 1765 6762 5513 2497
31 9832 2847 9441 4318 9621 4175 2429 3644 1882 670 2083 4431 8976 5108 9334 4128 6521 7206 398 8444 7051 6880 6679 7512 5337 1947 4840 1270 6498 5204 3952
26 9738 8698 8432 4870 1976 9073 5520 6123 6866 5911 5059 6145 6486 5720 4258 5287 2029 7070 4154 9305 5649 6293 7508 953 4767 6172
30 8725 6791 8386 3679 2304 404 3412 9803 9406 6971 9733 2654 5322 1557 140 8332 8650 8942 5541 180 7357 1992 725 3002 4222 2572 5507 8631 4539 1766
25 2863 1691 3264 6790 3610 5022 2774 6750 5045 8892 3284 6915 4317 7069 9169 1231 9597 8664 267 4036 6076 2203 3796 2444 8385
31 7080 2086 6200 4091 1051 879 5318 4298 5772 3678 8131 161 67 3543 6508 1170 914 4488 3400 7999 5468 2880 4816 5221 7074 3649 7166 4841 3589 7854 2423
29 3883 8607 1038 4660 6983 2353 7086 7872 8000 2788 620 2725 384 1044 3269 1145 8908 7514 1710 8674 8021 423 4319 4369 2093 6667 6755 869 6627
29 2150 8579 6497 4503 3659 7986 3347 3114 8022 5878 833 6674 5352 3622 3759 1401 2837 4240 2299 7127 8817 7254 8357 9849 3237 497 9505 2668 63
32 691 1824 2795 5942 7744 1659 473 2435 1610 3313 2062 1589 8538 3629 539 153 8051 9560 4557 8041 9875 4211 9265 3165 3995 6907 7746 1634 491 8187 4866 6091
29 7318 6227 275 9037 8503 5855 3716 2677 5125 6764 6708 1493 92 231 2369 8860 1613 1578 774 8656 1284 4102 4810 9508 5515 4026 3840 126 7021
31 3516 8472 4088 1410 1505 5416 4942 9762 1120 168 9035 911 7549 4813 6426 4477 4434 3928 1955 1379 8086 3564 2102 4848 1633 2990 8846 2088 637 9544 5453
28 5455 1595 6664 9039 7151 2138 320 6212 6230 5508 5983 9029 1952 7146 6545 6861 1950 7040 4016 2172 7736 3023 1869 4884 7970 4680 6269 3634
26 7678 3384 328 3099 9095 3443 8572 2499 5969 5384 7503 5169 239 5962 475 1488 3359 6417 2726 2676 162 2729 8712 2008 2456 6405
31 389 3860 4057 1192 3172 5400 1257 4030 2096 1725 8150 7753 1618 7388 3054 7102 4378 8401 414 248 4399 9237 2750 7434 1989 2376 4042 7930 5698 2582 3117
24 6130 9688 4568 2604 4442 4628 7028 6979 1679 8330 4892 3415 5820 9588 7737 1246 5572 9102 8531 9637 4666 3057 7194 6246
28 8980 1492 6245 4535 7650 7842 8968 4745 3037 4577 7407 2040 5428 376 8901 1221 9683 4865 8199 1087 4863 6070 4000 8188 2063 2844 624 6088
29 2995 9764 7439 2305 9268 9708 1542 174 4575 5293 1980 8617 2050 5830 5080 6873 5270 9617 3837 4752 5335 4234 2575 4267 9032 3014 6311 1079 5561
28 9058 2563 5941 3302 9033 3164 1689 1012 7660 7745 5036 39 1490 8007 4414 9387 8425 4763 9171 8600 4024 3257 8742 4450 4381 205 2895 8465
32 9053 9960 3505 5129 2186 9263 6485 6427 6902 5512 2624 2243 1444 2825 6388 4199 1535 5174 3325 8997 6777 3792 727 9479 1183 983 4138 940 1540 825 6173 3748
29 187 8404 3772 144 3396 663 4817 5435 1525 2071 7305 584 8352 628 2970 903 255 3408 2402 3485 3365 6126 6579 4505 5402 6495 8928 6264 3642
34 7643 596 34 7481 6445 8584 9055 4048 4545 6675 7291 715 3058 4565 9906 5367 3382 7233 2464 6321 4614 8155 6759 705 9316 4670 2035 542 7139 399 8081 6161 6157 7417
25 3190 9446 1704 3278 7519 3757 555 9943 9186 261 2735 5998 8661 1483 947 9483 6768 9611 1180 2773 7987 5629 9422 1211 2494
30 3183 4107 5952 6474 5005 8594 2673 9439 7916 3086 6609 4127 8616 1796 1467 8761 6998 3971 5186 6571 2361 4569 7376 651 1943 7951 6404 7066 5836 1911
30 4904 7639 89 9966 1264 7203 3348 4758 7580 332 4687 741 2720 2092 2014 9256 1353 7556 3576 4299 1252 8785 3591 607 8520 4571 7542 2268 4923 1627
28 3425 2765 457 7724 1462 2298 2331 9949 1020 4168 7596 7242 8490 7378 6106 6326 1338 6789 7825 8612 2486 2529 6602 4959 7788 2273 2804 2254
28 2717 90 6992 6482 780 9721 2748 3780 2415 4856 1228 5000 1126 8142 9666 6530 4570 595 8198 4987 8380 9379 932 37 1279 5729 8539 7568
29 7849 1831 8781 8950 4144 4408 6500 5637 4874 4055 3925 54 2355 406 3609 5662 6628 1216 5179 5979 4744 8888 8433 4664 8100 5161 4685 9481 2921
25 6885 2351 1148 4046 5658 6767 6816 3103 8322 290 7950 7059 2408 877 1135 4756 335 3419 100 3012 5995 8302 1181 9018 5065
31 8232 7545 2874 1275 5117 9874 7572 7347 5163 5570 8593 3228 564 9135 4578 1171 5378 5531 444 2164 4499 5893 1388 8014 4038 5812 12 3349 9995 3555 7364
32 9822 957 6347 7042 9702 9397 706 2346 8532 1098 6531 4728 9057 9158 805 7044 5409 1383 5040 5810 6083 2490 9269 7657 1031 3163 8555 5907 8484 8978 2968 4605
30 6340 4922 5213 7335 2769 4966 1220 2279 2770 3587 2961 4691 5035 7811 8813 9464 922 2032 6380 9066 8900 4159 8405 9569 2454 1518 860 2902 2678 2894
29 6430 8394 7251 4717 1421 3845 7668 9961 1222 5296 7597 3431 8552 2686 1308 6365 5648 5419 8271 3714 2831 8521 316 5359 6153 1071 6217 265 6441
29 7851 1539 1768 2482 7020 3009 6554 8178 9622 4724 8476 2928 2389 5840 9185 7656 5790 2485 834 7027 4439 9541 8136 880 1479 1543 2345 1875 2480
29 3448 6021 9460 1014 3064 2135 8421 675 8620 9848 926 1007 6210 4316 225 8886 6904 7750 7635 9693 9026 1529 3224 8554 5882 5780 3074 8167 2139
31 6056 5233 7397 8841 5333 158 7719 3299 8182 1256 1158 9780 3839 58 4280 3978 9409 5389 6127 6064 5087 7193 3626 3374 714 2731 7107 1464 1638 9015 9958
32 8172 9440 4994 5377 5895 1390 515 1131 5580 8920 5887 3304 1872 4130 8907 9068 4851 9430 733 7733 4654 7479 8397 1569 4968 4362 7048 8779 616 145 5635 6656
29 5371 8184 1060 9522 7351 5968 309 35 3669 4185 3865 3330 4921 292 986 7112 9252 9047 5252 4842 6685 7571 7819 9331 5709 818 6013 3173 3285
26 2870 2198 2836 7253 7543 9963 606 6652 4306 1074 6582 8605 6006 9344 4934 3891 9901 5563 1703 1153 752 8845 1820 1184 8387 3517
26 9145 280 4338 8003 4050 1961 7944 4315 1121 3398 8260 1460 4215 5346 5447 9551 9195 5871 1455 8716 3706 5864 8895 4998 9109 2149
31 2223 2517 1424 8586 9559 571 4639 1151 9491 4325 9126 5175 3507 4612 8066 7953 278 4051 9647 2271 2272 5139 5745 7454 2421 7360 1454 1115 9916 5361 5831
28 2584 5703 2864 9951 3367 9773 7910 9533 3341 5071 6033 636 7740 5093 4637 4814 4645 5799 8524 1251 7567 6659 9878 3760 870 4111 5690 6422
27 5254 6897 4543 2916 4607 6322 6551 996 9994 7835 9815 8832 6378 9207 3152 999 7829 2660 8230 3600 6194 9176 1538 9679 4592 3008 9556
27 4114 1191 5938 350 6382 3536 9391 3528 4672 739 4579 4021 8482 4277 3896 1469 6965 1471 9009 5364 7658 8179 3098 1981 8228 8640 4275
31 6975 4878 9797 5310 9096 4104 3335 9451 5142 59 1395 8721 3390 6399 3441 8355 6607 4525 1013 8119 7943 9965 4563 520 3154 6201 9041 1022 5789 1954 2994
31 9141 9038 5334 9470 2715 896 9115 6464 1750 3745 2832 5355 4542 1419 9793 5766 1280 5015 6175 9119 3602 424 1296 118 4409 2796 9710 1015 6722 7537 7187
31 6096 7047 2554 2263 1175 7383 5671 9380 5183 4363 5603 3515 3314 1144 8094 2500 7035 6462 9830 1341 3728 3916 7565 4849 506 6751 7770 5650 5489 1001 1596
28 1111 8183 9200 6030 3744 1441 4566 3675 9254 4040 8369 8821 7288 4598 8796 8223 514 4054 7879 4301 3509 3447 8203 6327 1263 7926 4254 8694
29 3660 9740 4797 6093 5112 9806 7790 8417 7880 5090 6385 3262 7387 4906 855 3942 6624 4207 1195 7832 6788 9226 9638 9205 2285 455 6360 9071 4037
30 4891 5147 2793 3051 4279 6351 2236 8746 9745 793 3545 8253 6693 2314 8279 7075 5646 6323 3109 8921 2598 4233 7274 8408 8690 5173 6303 9971 7996 519
31 7320 3704 8080 8717 7416 7430 3949 4969 2541 194 5238 8857 5395 6082 1406 3271 4146 2692 7353 6443 1230 5421 7669 9061 6209 7602 652 1629 5845 8819 6596
28 2600 4949 3693 8052 3898 5654 4788 4089 3156 6364 7284 3721 3806 1054 7836 5123 976 658 8806 7389 2612 2197 44 1958 638 7002 7424 4915
31 295 2202 3643 7698 2756 6113 9258 9856 572 2433 2064 1310 8988 9545 7007 8149 6742 449 7912 2792 4911 5444 488 7263 7619 1930 196 7261 9829 7270 5320
32 9191 8502 5613 8434 7979 4957 2144 7974 6057 2161 1301 7776 1709 4696 6192 4160 1719 2979 2341 5884 5672 438 5620 242 712 8772 1995 8002 5471 287 1946 7207
30 6781 4980 7358 5997 5460 5949 1138 9898 902 8588 1692 70 7400 8106 2878 9769 5504 4312 1536 5741 8495 6527 7041 1334 1617 8485 692 5787 3106 6135
30 3636 94 3991 5462 3735 2013 6242 908 4730 4356 2207 7610 8153 6310 729 7363 7499 5957 2420 4405 8212 7686 9259 8388 9181 4927 9563 1369 1739 6179
28 4967 3632 6640 1278 3139 1740 7110 2238 9954 1360 6183 8591 6176 9002 1894 7778 8133 7064 3999 3296 7665 2694 894 4196 8880 2067 1522 9784
31 3353 4759 8166 1772 3696 589 9585 80 8541 4292 199 1069 9218 3321 580 2527 4033 5688 4787 829 7504 2764 5358 7754 6086 6408 6818 2385 7029 2467 447
31 5482 626 7475 2858 5298 4355 6616 4134 5822 1307 5793 8505 7785 2998 8185 7298 1667 1832 2568 9624 3088 9085 9711 6144 5085 6335 4646 2094 9423 8240 531
28 3187 6152 7922 5668 3992 4587 704 8328 1194 5474 2030 2178 228 1056 6484 6338 9659 8107 7373 7945 5872 2294 5294 3779 8024 9161 5033 694
25 4611 9589 5794 7890 3707 4887 6221 5748 1427 2509 7873 8691 6137 9552 1052 1886 9929 1426 1335 5339 9167 5764 5813 321 7774
34 2849 688 3937 7638 3598 6620 1267 4677 8754 2450 7111 9658 1218 4774 2780 7308 9367 3463 9292 3409 9734 5989 6487 7314 97 7198 5328 1570 3510 892 573 1727 9431 2603
27 820 6668 9366 4769 1053 6985 1009 9437 2132 3608 8755 4602 8713 2653 6124 9867 9083 2515 6700 5363 2160 856 7164 3308 8360 8898 2388
29 9581 4494 9336 915 1909 434 5726 6519 4395 1167 5434 8652 4290 7370 6187 3003 2348 4328 3740 2379 8300 4899 6662 8456 3727 103 3218 5178 2659
29 8598 3076 8654 3383 2228 8237 784 1592 9648 266 3813 4019 9228 3812 1409 7212 5755 5399 3773 9125 3624 6541 1716 7411 843 8918 9296 2157 4576
32 719 9594 4989 2954 3921 4151 6922 4495 6658 3647 5133 4047 6999 4430 909 3801 5540 2226 3571 5340 1884 7627 5892 3689 5243 6239 2282 3729 2667 9947 3024 5240
30 7138 2191 8125 7581 9273 5945 6622 9183 3429 4527 7522 3407 3456 3568 3389 1606 887 3539 9230 7749 3739 3676 8838 4993 8533 9900 5543 2213 6121 5921
27 9392 7175 9743 747 2293 8701 2129 5739 5802 2558 991 2826 9287 2730 5727 6594 8497 2702 4142 6047 9972 7440 5549 3197 5374 3366 8307
26 3016 9054 188 6032 397 3297 8076 5235 6690 4374 8769 259 3646 367 6111 7437 4475 3751 5858 346 9652 2896 8672 1655 7805 3810
25 6507 9213 1285 3410 5744 851 8876 6666 3055 510 428 7844 4424 7673 3184 3718 2458 3597 7224 1811 2311 6798 4353 1268 4644
30 5588 8121 7031 9685 7442 8693 2992 365 8828 7390 8258 9703 6763 7509 866 8295 7218 2026 1043 8457 2628 5004 3221 3699 5560 2567 8011 936 5410 4506
28 5832 8568 3899 8829 4005 81 4273 2194 2843 1431 9526 3553 4092 1761 2739 9312 2445 6249 9701 4854 8301 6642 7055 9253 6490 3758 4963 7215
30 8141 8299 4246 2855 2933 8613 6504 8257 9272 36 3532 5547 7672 3147 603 5972 1713 7676 5841 3248 8703 5762 8126 3947 6631 7152 6074 7850 5044 960
28 9106 159 5324 487 2141 6027 7891 8235 2892 9634 1889 8824 8752 3132 8871 3897 5154 8420 3433 776 6118 6370 9433 1877 509 9347 1484 6279
30 3249 8440 8919 2570 5244 1282 9583 9990 3500 7304 1526 2808 8350 8686 1873 9232 1840 9471 4868 3372 8048 9245 9318 5599 8803 9113 3985 6094 7654 1289
31 681 1359 4803 2963 5940 3275 5157 3420 8993 1083 9260 6574 7334 2020 2019 4748 7491 958 8667 2806 1684 5977 7372 5544 7818 5155 2953 1601 1136 4747 2518
29 2038 482 3628 3972 6231 9416 7603 221 8569 8036 974 1166 5890 9081 7725 981 5642 7881 3244 348 28 5902 2109 4631 480 9767 8037 1367 9600
24 6570 3171 6258 6410 5307 5863 7227 5301 392 8859 5162 2645 3108 5982 5573 1625 5338 7303 7339 814 396 4698 1678 8816
29 327 5160 811 6168 9139 208 147 9315 2337 1602 2538 3315 2699 4425 5073 5606 6696 2740 9046 905 7241 7920 8157 1669 9557 5569 7789 9152 2956
28 9351 5130 5511 2350 3391 8663 8500 9350 9781 7268 6252 8248 1721 8630 3495 86 3927 4780 1563 4208 9649 6101 3838 7094 9778 7966 2936 2084
28 701 8128 6461 7191 1600 2053 5201 2158 6163 5704 8224 5350 4212 9365 965 4839 5081 1903 342 1008 7269 6089 6799 9124 7521 448 6240 4419
28 1826 2698 5136 4996 4909 931 5542 7361 4589 8123 7409 7091 2887 6386 7001 4276 5827 9981 2460 9396 9663 9210 7490 7332 7090 3030 5851 8392
27 3592 9662 2330 6092 7575 8250 33 2289 4997 8894 7068 9303 7321 48 2015 2593 8321 4133 3000 8173 1586 3713 262 4532 4683 5991 6614
26 7674 9692 4166 7173 3844 6444 4393 3079 3984 2274 8289 2943 359 394 7077 9547 8221 3231 4653 6019 8326 1857 7457 1975 7553 1397
27 5835 5557 7183 3259 5102 3090 252 2947 9173 3975 9618 6878 2800 7199 9852 4244 7292 5816 7403 7092 114 1005 1815 439 8774 6598 7887
31 4115 9031 8740 9042 6102 5724 1165 4313 3651 8377 7755 4900 9737 5951 9728 4002 683 1103 4883 3043 4609 4924 7956 5250 5091 6251 3717 4682 3226 4516 3386
28 586 7297 1805 3322 4156 5783 8970 5875 2403 363 3797 5290 3778 831 7893 4737 6315 7208 5625 2471 3309 2566 1997 6011 3041 4561 9580 3808
29 3440 1938 9591 1066 2640 9190 9165 6859 7840 3158 3229 4153 2184 133 838 8787 492 1161 2128 8331 9746 1432 5452 6911 3459 634 3406 5621 9827
30 1408 9718 1746 4067 8261 9484 9825 7117 3912 1304 5530 7352 5289 6908 3828 4351 8759 9893 8116 6792 9429 4663 757 6909 640 9208 6358 3652 2249 6055
26 7782 1387 5898 6117 2860 2775 6634 8673 5084 2286 9979 1003 5839 7265 7385 2309 3031 176 3497 2159 543 7799 7601 9698 9748 4977
26 4182 4259 8778 2633 7436 91 8687 3388 2802 8296 5579 5152 3753 633 3552 1845 5641 458 3673 5657 7551 1449 1705 3719 3633 7341
28 7277 4794 4006 9974 6618 7896 7993 8466 972 2124 1962 9844 4157 6438 6353 8269 3666 6870 4029 7501 9301 2427 9582 4346 5372 2481 6017 4171
28 8044 4754 2169 5181 5478 9107 9324 5700 2230 1092 1172 1303 6457 7831 6644 8414 4010 326 454 7814 5089 351 1287 1798 4384 5859 9782 3436
26 3155 5383 1196 3781 8204 1794 5079 2562 1242 1226 8294 3127 3807 7948 2185 2364 7813 3378 279 6605 8467 1018 9004 8110 5021 4131
26 306 6683 5077 2506 4718 5901 6395 1253 9885 7761 7195 4344 3435 5848 1494 5775 4800 7425 8098 9333 8902 1375 2537 4793 7806 1648
28 8078 9117 8625 7516 7976 9097 1593 1904 4044 8877 7377 609 8137 2300 6384 2200 9534 3162 2941 9401 5676 1782 4426 149 3936 2904 2585 3021
30 8858 6980 2524 1124 2768 1042 9456 1302 1810 7468 3166 6138 4869 2276 3393 2342 6134 2130 1848 1732 5750 9028 4620 1318 1337 486 2448 4518 3970 9255
24 8544 3492 6729 8797 5612 5705 3203 4953 5490 648 5488 6291 9823 9405 6775 1400 1561 797 5011 4326 737 9030 1313 4771
27 3873 314 9756 273 6556 3741 2950 6473 472 9368 2946 3011 7696 3723 6565 8310 7262 3077 1343 2461 1019 4150 4271 6637 2814 6142 6065
29 9601 2550 8971 5127 4926 7773 9242 2334 5862 4483 7484 2116 5691 557 7088 3657 6518 17 6469 4725 3189 6196 3977 9022 2885 5747 5948 8548 98
25 3216 528 3951 9428 163 3001 4642 8914 7869 5382 9092 1929 2632 3963 645 481 7350 853 1381 293 1447 9759 6573 9645 4659
30 3491 4066 8017 2526 2126 489 964 1174 7483 5502 525 7131 8335 6010 1452 30 6075 2889 5013 5385 1006 4225 3087 8449 5039 9025 6929 6881 3868 6806
30 1579 9538 8934 16 5826 5574 2154 541 4640 9178 8862 5550 2539 1102 9024 6698 2043 7365 247 7826 6984 1478 1331 2978 5665 3859 7463 2907 2957 2611
31 4523 750 3534 7636 3950 9967 7715 6686 4880 2595 4489 6914 1524 6368 7118 5122 6846 1391 9103 6964 9142 5321 5684 8719 2597 3141 1509 4224 2969 537 3767
29 4119 377 2152 4311 593 4053 7870 5010 6328 9376 4990 4835 2724 8963 7346 8560 3287 4164 4162 4498 7398 3736 770 6981 7517 5950 8945 3913 1635
31 2586 9727 7695 5207 9627 795 8957 4231 209 5760 2175 2176 5119 532 2948 8115 863 5943 418 4043 9480 4770 6373 885 9945 3542 9865 8165 3816 3381 8879
31 9180 4671 5149 4808 3350 4697 1854 3904 3654 4289 7875 3606 5018 8337 9043 6156 4112 6104 5131 4719 6140 5094 6031 1041 9377 8527 6002 9293 1991 7165 5193
31 3831 9887 8927 9304 4655 8954 6826 4950 1821 6236 1259 257 1564 5791 4985 6026 2283 5594 5825 6528 7716 9684 5932 7128 5946 3930 9023 8305 6266 4897 8696
35 3766 7720 1037 3867 5829 4192 3722 8201 3854 5639 2846 5687 995 4440 4379 1091 3944 1413 6403 9426 8186 2259 7780 433 6158 9496 1500 6887 8535 8935 4197 451 6974 9343 6906
26 1813 5008 68 8464 1430 7087 9477 150 8274 4785 8878 1695 5063 664 3692 2466 7248 6039 1101 6886 2503 7583 9353 5092 3826 9404
29 3709 612 3501 4802 2253 785 1677 3997 6738 9149 6268 9970 9089 6773 4382 6716 1070 4549 7932 9266 7095 4283 9813 7280 990 4674 4708 977 6051
30 1999 4662 7015 5237 2239 7679 6105 8365 8518 4272 5647 301 3635 5330 533 7172 4970 5806 478 608 1273 154 579 5025 8127 695 8606 7544 7726 3059
28 3922 7574 9361 598 1907 5126 1238 6919 4247 1671 8668 8573 3982 5913 6829 3061 5443 3886 2110 5150 4894 867 7017 372 1470 2054 2915 7063
26 577 2335 9286 9629 4795 3513 1836 3167 8917 4383 1097 8109 9729 1927 4509 3824 500 5099 9840 5319 732 4798 240 7371 8402 9969
27 8786 2332 6970 8872 6681 3731 4828 5312 8483 4124 9983 3124 2235 6836 9326 2462 5899 524 4837 3140 988 3712 1978 8416 2670 7593 3554
30 6042 5524 8983 2205 9079 5151 6822 9467 1777 3340 4822 9502 5611 7884 5006 8373 1858 285 8947 3964 7444 3469 5286 7644 8994 6532 8272 9573 1665 7162
29 7653 4236 5156 7084 5020 3703 4069 1898 6312 358 5068 7816 310 6182 6591 9595 6617 3594 1591 3178 4912 8308 8197 9001 8916 3101 5551 2367 2854
29 8424 2583 8297 1100 1964 8766 2609 5556 3821 8206 4519 6814 8989 9694 7493 9616 6078 6494 7093 3142 5626 1274 6858 1728 2779 9535 1672 3901 1778
30 3875 4260 8590 108 9930 1080 215 1203 4550 1603 2552 4732 1034 5265 57 9598 1673 5422 7428 6505 9521 959 146 9608 9523 8695 8987 3664 2925 6216
30 526 1512 6265 7449 8906 4165 4739 8381 1917 4500 9919 872 7404 7712 1774 9876 5730 101 9596 3253 6035 3969 1513 9859 2302 3214 1119 4237 6564 1508
29 1808 1312 4507 60 5448 5522 1004 5759 8645 431 5222 5304 6085 5894 7043 6375 5695 9098 3820 6526 122 7954 3823 4155 2328 7477 6783 7319 7722
27 9413 7216 4751 4436 4834 7185 43 5401 1676 7036 2426 2852 9279 5804 2757 5205 1265 9518 2127 9132 7905 6797 7192 467 5481 4635 7917
28 5014 4701 6250 3126 6876 8281 8718 8463 2917 1532 1104 4544 6238 7620 2056 2171 210 4139 64 3473 2662 6349 2621 7301 3424 6932 5877 5666
30 42 6001 6046 1429 1612 456 3625 204 391 3146 6849 3121 6612 8038 7586 6448 8095 7155 1 2307 7732 3967 1078 8905 4270 1594 2749 6883 7399 2406
25 1717 3247 1556 3560 7845 8958 1299 243 21 3670 9750 6719 7692 8276 2070 5463 1356 3338 9879 4624 7734 8409 3467 4512 6537
32 9168 6720 49 1398 4018 6766 970 6994 4004 7105 8808 4689 412 4723 5114 9400 2231 9717 2754 7710 5362 4007 7391 6840 7998 3527 6745 9542 3092 5736 7153 5954
29 8220 6770 5914 2244 6459 1631 7016 185 3934 9499 6344 1189 1168 3434 529 4423 1830 8283 5539 538 7023 6193 5929 7904 6636 7520 8117 8225 362
31 9049 3240 2496 7569 874 5109 6815 9909 6369 484 5757 468 3774 7275 2397 71 8384 9931 1783 3895 9262 7632 347 1982 1443 4741 7705 5918 4502 9838 5738
29 3387 6671 8356 3476 6407 9754 3186 9407 7441 9660 615 7032 9249 2818 6951 1029 984 388 5628 8367 9294 6568 5922 5765 9881 8219 378 7817 7533
30 7418 1035 5492 9732 1465 7865 134 4524 4193 5070 7706 2705 8345 7290 5947 5095 9507 7081 1973 8984 5111 8354 9399 2987 7052 6832 9894 7008 6542 1445
30 9159 8504 563 3620 5066 220 9394 2310 6553 7401 6893 4456 4511 3502 4633 669 8139 3790 2592 8795 7548 9402 5558 857 4061 7807 9613 1010 3279 1868
27 4078 4303 2069 8890 8910 6167 3465 1326 1423 4657 4266 6018 430 5581 1439 3574 985 2625 3394 3843 4173 3084 2618 7738 5928 2528 2507
28 175 3782 8592 5881 6284 9494 2136 3770 9818 3194 5438 3974 522 3920 6453 8614 3125 9162 2449 9275 6903 1328 5571 5633 501 2143 2879 3399
29 6423 436 687 2252 1985 2057 3479 2531 5390 8493 4062 4281 7958 7459 5833 6692 6451 14 226 1523 1844 890 1658 8576 889 7386 3931 2431 7747
27 8995 4581 6610 5387 8936 2221 5228 6419 4931 6256 7863 9072 5993 8762 2888 222 2425 6760 967 7226 7113 7204 7073 5408 3909 9904 2530
28 207 3169 9251 9899 3332 2608 9939 6331 4241 4443 5281 9458 6208 2581 3799 9653 8379 6043 1384 1362 3613 826 2638 5985 65 5432 1791 6835
23 4935 1842 2399 9382 7144 4867 3205 2536 190 6277 1309 1747 4603 6741 369 9140 2929 6734 4508 6066 8770 9463 9847
30 9014 7708 3201 9175 5148 5 7299 3871 7592 2722 5514 6672 6454 2316 9455 7184 2951 4406 7570 6691 5788 7465 6560 1790 2269 5032 7729 8583 1212 4184
30 2851 9814 6982 4390 2649 4239 8083 421 5144 236 7359 3715 2061 3487 5096 8861 924 8254 274 4492 5631 7083 8930 4536 5300 6339 3940 2848 1533 9700
30 102 8657 6819 5182 7022 4282 1541 6550 6523 6069 9127 3490 5905 4986 9008 8422 5622 2972 5617 6394 6937 4073 4427 7498 1347 2505 2911 4791 5007 9577
27 78 5049 1186 288 9761 1639 4487 2179 5510 4726 2590 9677 4428 6735 2981 7758 2697 5692 2344 3029 1859 7220 3588 5386 4954 7178 5255
24 4768 9791 3932 5910 4001 8727 8581 4885 1011 6954 7247 861 3063 5519 1918 756 9239 3965 1987 3358 5232 7050 9615 3188
29 7584 9443 5889 8431 6003 9817 8471 2167 3667 9795 2039 5023 8089 7830 2761 9796 4819 9567 8016 1733 2641 6852 5316 754 4961 8893 1473 9163 5885
27 9888 6785 1491 9459 4415 7147 62 3272 5253 3481 3110 5291 6882 5664 4943 96 762 4812 9946 329 8738 8393 978 9244 120 9724 6632
26 9435 3025 9584 9755 1241 3346 3281 4348 6630 2931 778 9300 5132 7882 6539 6724 7079 4604 3789 8676 1506 8985 6838 6308 4827 5418
31 2209 6319 9913 5934 1809 375 4567 4350 8812 848 6188 9720 2052 6948 2893 8031 1828 324 4187 1075 1476 786 1687 783 3426 5009 251 3168 2291 2267 2451
32 1574 7946 2365 3694 9076 7723 3537 703 5424 7541 3711 6572 3508 4284 832 844 9421 3650 1789 7628 5927 4513 4928 1775 7140 4265 9065 6222 581 3421 5002 6576
28 4189 8678 5545 5116 2401 2359 3326 8642 9921 4591 4825 6063 4448 8688 4129 8210 2047 8537 8692 935 6834 2588 7868 2211 6823 4256 5707 1959
28 8946 4392 6890 7384 8699 3671 9238 4478 1549 5856 6287 5803 3199 3889 254 1047 716 3852 3945 9516 1324 9722 3994 3045 6377 836 8479 8618
23 934 8896 4068 6961 4123 4597 6286 1064 893 83 3131 799 8348 5956 6758 4572 2543 4075 3352 4877 617 6149 900
28 7426 8653 7309 2472 6073 1994 7878 4630 2689 5597 3286 2076 4599 3034 6226 1376 7476 2580 8705 7821 284 3688 3111 1474 4580 5618 8683 4978
28 9189 8366 7752 2430 7728 4221 141 9339 313 5440 5083 5768 2390 6544 264 4149 6940 3327 6199 6934 6109 9623 3438 6325 2712 3161 5930 419
27 1141 3968 2890 736 2930 4627 319 2470 4446 881 2325 7949 6345 700 775 650 4372 3550 1332 3526 5873 1112 3998 1396 8986 3422 7234
29 6229 548 6928 3746 294 4703 7393 4562 3069 1899 5442 1920 2790 6749 7431 7757 5394 3085 7333 1729 6825 8427 1878 2398 6828 5734 7174 8753 2980
29 3153 523 4937 9120 5086 7406 6522 22 7046 9690 1647 2255 115 9736 4230 2821 6884 2087 19 6458 9048 1155 5785 2392 464 8061 9383 2786 9741
28 4466 9417 3471 1983 659 4009 1236 1440 9393 1118 9842 3548 5451 7962 7167 9011 1632 2839 875 495 6608 5518 7505 7518 2544 3540 2134 2436
30 4052 4951 6935 3331 15 8050 9975 5176 8603 3105 3817 2044 4601 8814 1137 379 8319 6712 6307 1757 6641 7034 4971 2374 9661 7289 7711 6012 2059 6730
27 1048 6062 5917 1049 5797 2301 8423 7135 5584 822 7877 9160 2704 9283 3814 6962 7975 8056 9432 2932 8881 5019 8084 566 7246 4526 233
29 2805 5673 6687 8286 9408 4784 171 5706 1865 2525 465 8215 5417 8842 6670 9276 1346 1336 9779 763 748 5437 1718 20 9474 1399 3857 7907 2288
28 3423 994 1437 5865 2573 338 5610 8679 8263 8700 2320 4435 76 2877 7104 5732 2187 2216 1565 165 9298 8508 2199 6053 7121 8582 5257 9478
28 6950 352 9787 8540 1210 6794 3033 956 74 6711 2100 8347 1698 9 1706 494 9469 4596 2362 3787 1202 661 1254 1333 2189 9349 3529 2681
28 5919 2163 7343 7689 3582 3764 2166 8526 9172 5496 3336 1585 9278 7623 2125 2695 3004 1656 6682 3738 4859 8633 6569 9633 9723 6235 9799 647
25 1572 27 3027 4480 1123 4076 8791 5168 5189 9760 1919 1829 2845 2741 2108 5001 4143 7582 410 6774 5702 5466 9765 8619 8909
31 6392 1030 3575 7552 5534 9816 8681 2782 4387 6300 1792 6705 2153 6728 6024 6996 9299 4902 299 1502 9345 3245 5722 8075 9342 4615 5926 3474 1106 4789 8450
27 4960 7132 1734 8120 3323 6966 8176 3858 8441 565 3298 3416 7973 4779 8578 8773 4118 9911 5494 7530 2074 25 4688 6068 2031 5470 7136
32 8097 3832 6578 5669 82 1575 9989 6874 4521 2919 9093 4504 5834 6811 1482 9712 3102 4321 6476 1582 7874 6122 3413 4613 7666 8058 5110 5256 6442 1503 5562 7688
26 9371 5653 9933 4917 2352 4486 8264 323 360 2474 3849 2413 3888 6611 381 8563 945 4445 4449 4039 7453 9576 3451 5667 7322 7641
31 1769 5955 6857 9785 2815 919 1133 3170 9853 6097 2078 1915 5441 3303 7012 4421 2387 8867 649 9017 7964 8825 9449 1912 2072 5615 2709 8060 966 2007 4361
31 152 1271 6294 6363 291 3036 8756 5850 5396 685 6160 5366 5192 6927 1405 3241 4343 585 3605 6146 2492 5616 6131 7182 898 4705 1812 2105 9869 6680 3048
29 660 5336 7694 3855 7625 7249 5166 6341 2232 3777 6185 1045 4100 6993 4074 917 3250 5590 8847 1741 8303 2277 9715 2991 1227 7089 3468 6952 7326
26 6808 3720 1893 7329 3373 3238 682 4358 5053 4792 7328 3846 8512 32 4177 5565 7591 9511 3768 3862 6583 6141 2275 340 1559 5392
30 4071 3551 9695 928 2343 813 6205 1306 1519 7536 644 2859 3771 1046 5268 4623 2113 3880 5778 1090 5143 3655 9221 7604 2703 8953 8317 4707 3444 6787
31 6424 4634 554 3333 9956 6313 4304 3541 2266 530 4396 4262 8943 2188 7443 143 8601 3677 6170 3960 3615 3915 4709 8474 8648 9524 3196 9828 1323 2901 8629
27 5057 9498 4169 8733 5896 5857 4205 9808 7462 5311 8222 4132 8915 1392 1736 7808 5640 4357 3566 2222 4484 5719 3614 4811 7837 2561 7899
28 1587 8669 2785 5675 9592 7579 6348 3242 2797 1477 790 2502 5782 5230 2237 2206 8758 4706 5034 8361 7293 1372 4108 9962 4762 6633 1099 2822
27 5046 766 6871 3295 6005 6304 5218 1839 1317 4665 7531 1650 9010 1963 4080 6376 3068 6120 9016 8059 6254 9335 4407 9642 788 655 1185
30 8849 2381 3496 1140 3903 4034 5423 1217 5323 2247 135 3825 6456 2842 8925 2615 8882 4072 407 1654 5554 2596 3475 4245 8342 2751 3354 8105 4586 2623
26 9111 4474 9019 8530 7180 9537 6299 9753 3234 9839 3392 1163 9466 3010 1885 7924 8837 6678 4972 7599 8382 6465 8032 7100 6320 8314
32 13 2607 5555 3919 2085 8991 2838 2744 5376 7317 9314 1096 2924 6590 2262 8775 5909 99 9564 5295 490 3973 7797 9775 2579 1900 4608 3274 4352 8585 5042 470
28 6197 7186 5984 276 8833 7158 6359 437 4110 8013 560 5106 7989 9414 1856 4365 8370 5212 6058 3337 5414 2317 1974 4490 6988 7903 3531 7414
27 4764 4766 8565 1560 9462 117 3882 8040 1837 9529 2120 8639 1968 5373 3869 5393 8419 2898 8091 6290 5225 9020 3988 8270 3159 6647 6014
26 7937 9447 416 1860 3811 3122 1344 8848 5277 1749 6976 4180 5191 3129 9674 9730 46 3966 3691 5184 9667 9934 4895 7839 1235 8311
25 9714 4574 5973 9606 462 7957 3091 3830 6535 6715 6225 3453 4081 1358 6048 4610 7585 4786 4731 9225 8802 5261 2571 368 6650
29 4974 3701 9385 1776 5499 3151 3195 4413 1290 9332 6367 6044 5971 6204 4555 7217 2684 9144 7098 8181 366 6548 1546 8542 8164 4548 9697 124 3227
27 3590 1339 2876 2479 1913 740 2591 7960 2680 8904 6824 2522 4533 55 7612 1142 2256 8029 6958 4269 3561 6501 3081 8516 8959 4962 7049
27 602 5967 1036 2767 5308 2218 4948 2738 6562 9231 7942 6997 1319 9250 989 2872 4693 9553 9920 9656 723 8169 5819 5805 2881 8132 849
28 9321 1788 5846 9804 3518 7992 443 1055 690 1149 8458 3078 5701 189 5994 9390 9122 9297 759 260 6108 4121 374 4936 8750 6496 1551 7264
27 4141 6425 7611 5566 6283 9777 1076 3300 9725 5074 5879 9562 9654 1972 6892 3461 5978 1088 1240 2988 8822 3658 9603 5380 4411 5276 5029
30 7576 1531 7969 7707 5680 6452 4015 4454 5975 7743 4032 1870 5075 2151 1456 6079 471 5043 3776 1748 6896 7420 2934 4485 1686 4297 2999 119 2016 835
30 570 5837 9868 544 1499 9520 4252 4722 1735 2477 4432 7037 6648 3798 8826 3477 7615 6977 8866 3822 3976 6803 7786 8748 2905 5017 1305 4820 6947 6413
28 962 7006 1021 1822 3283 6990 7338 7693 8655 718 7282 4376 6665 8883 5577 2432 3113 6343 1806 7640 1077 8229 7600 6324 2942 7123 8268 8670
24 7883 3579 9052 2395 1229 6978 2001 7661 6318 686 3464 5786 183 9077 1640 8839 3761 3924 2089 459 5996 7413 7804 224
24 4065 4170 5815 1558 1300 8488 7680 2280 353 5828 2354 4120 66 618 370 6333 6913 29 9620 1576 426 4461 7315 7527
30 5465 1125 2418 3044 653 3881 1487 9936 7240 2318 5976 9363 6707 5661 4930 1188 9935 6841 5487 6739 6900 8452 7451 4210 7524 1281 8218 9731 4690 7456
29 7633 7511 8073 3987 2965 5883 2642 7915 106 987 8067 6813 9628 2675 3220 8475 5758 1616 4534 9626 535 3935 3206 7562 2824 1237 9586 8744 2565
27 7662 6257 910 3306 5456 6292 1674 4452 111 9375 1861 2412 781 213 6220 7994 2173 5853 8662 3270 8163 6771 3478 9713 4479 4643 2296
32 8099 6557 1468 5209 1818 6910 5436 385 2322 9798 3637 9110 9862 3360 1744 7114 3525 2727 840 2131 5078 1026 8209 9146 6420 9348 5728 1762 3962 6955 2155 592
28 9488 2996 7793 7496 6699 1422 1260 7259 8410 5177 7931 7243 5694 8035 8436 2372 6350 2292 483 5630 7446 1072 8853 632 2866 5559 8771 7908
30 4753 7566 4481 5483 1197 7482 2439 1932 4190 6084 2547 4882 2033 2560 9716 1567 4843 8702 2723 4429 5165 8030 9364 7683 5725 2828 1255 5717 4871 1785
26 7914 8085 9957 9075 3519 4 3442 6278 7061 1485 51 546 8189 9118 8990 4750 1537 1058 2787 9744 7659 2778 9805 6052 5280 6511
32 8346 3856 7458 9454 9241 9546 3604 7405 9203 594 7802 8844 1176 7809 9923 4148 7795 2419 3432 5038 7168 3357 4772 8065 18 5538 235 4872 4422 7294 3080 8799
28 7148 8835 3316 4400 7177 9147 941 9495 9220 5121 5412 7056 2682 7058 4167 5731 8720 5655 2192 201 7469 5792 3498 6040 2938 9987 7631 3870
30 3363 2648 7487 6888 1205 3268 4716 930 3439 6218 5821 7670 4782 4547 3584 1838 3458 3204 2886 6285 1200 1843 2190 7228 2095 8068 1295 4268 4014 7820
32 4322 3104 3181 9202 7230 4126 2873 7375 513 2613 4736 5297 4515 5200 3065 8550 8175 7438 1213 9758 9807 2688 7913 3572 2434 7154 6920 5849 371 5953 7936 2820
29 7427 3198 6796 7331 6516 2101 7538 4251 4831 6412 4818 8437 3095 5027 9424 3301 8028 4085 4056 6589 1357 1501 8632 9924 5275 1801 6390 7947 5486
30 4804 929 3765 8481 4327 2049 738 7201 8478 1028 6329 6820 1182 1934 1261 512 1571 52 2118 1850 2958 4013 2162 8088 1374 4366 9285 6159 2371 4300
30 5777 552 2384 5258 4227 1093 679 6817 5861 8511 9952 7429 7701 3894 713 802 4232 955 6946 4202 6736 6372 2002 9550 9977 6248 2498 9080 6513 9914
32 746 4397 1807 8875 9130 1855 2569 7464 4116 4465 7651 753 5404 2121 6114 125 2010 7126 3939 1403 2488 2665 562 6805 6455 6355 1841 4367 5870 9003 6830 1199
25 4852 7613 4765 9646 5461 6995 6657 9955 380 6515 5533 6809 1553 9453 5746 2407 5980 104 4537 808 2264 5593 8743 1350 3375
31 654 4632 3312 8624 3405 6280 7866 6744 5105 7671 7062 7767 2897 1244 9060 7763 6306 2181 3222 761 4982 2196 8411 4012 9034 8247 5711 4437 8298 4712 7690
28 138 9850 8566 6177 9915 164 6274 5369 8238 8944 3494 8611 6352 2428 9877 7236 2270 2473 6558 4781 1949 9691 8940 4459 2776 8589 8194 9670
26 1965 5467 5886 4214 7867 2701 5619 3192 8469 7419 4243 1933 4919 3983 4845 8757 7433 1065 5961 8104 3135 7119 1937 3120 3918 7260
29 9543 1568 6879 3149 3702 7721 6036 8001 2601 2511 6800 9821 1489 3585 5220 3684 6991 2411 1702 5288 4285 6342 7714 2626 6059 8792 2594 7718 3082
30 1577 3361 1590 3612 7485 3783 2637 2242 3803 1895 9270 7812 3362 4064 5137 339 2666 2324 9810 6466 5773 7283 1164 9519 6926 3948 4291 7856 3404 6898
29 8057 8546 8870 5113 9632 4529 3267 3573 6747 5100 1349 6918 4914 5259 2973 895 1382 8087 8587 1743 6034 1902 6986 8515 7923 575 5591 2386 7534
29 9988 2803 810 7120 906 721 7691 1411 9338 1883 7727 4952 3926 4617 1726 2949 4893 6725 7762 1649 8580 2081 9369 4296 6478 4984 2329 1851 5823
27 2265 8903 2971 9129 8884 232 4137 4017 2009 3484 7432 4402 9217 6147 8975 4738 3276 8496 4198 8275 7101 3369 1316 7223 3872 9354 9604
26 1386 9992 6155 1608 678 6868 7607 2745 9084 2646 9090 7267 5024 7682 9668 2315 2910 2112 1463 7145 217 1297 8788 1428 7801 9841
29 1109 5388 8400 170 1016 6580 8442 3619 2574 9267 1039 5592 3310 3449 8255 8621 4109 3805 5357 2639 7507 1605 6116 3586 8777 4702 4913 4890 9643
26 2378 7179 9568 3762 1715 8108 8924 9235 2728 7045 3546 9704 7589 1223 1114 7834 9465 847 827 6848 3066 5582 7156 6524 4540 8887
27 3123 7402 9219 684 8634 7800 9851 8974 9835 3603 5699 5332 8675 4776 2708 7626 2690 7963 7547 8064 5888 8789 197 6366 882 3038 2661
33 2672 1752 6600 7026 289 8285 1245 4734 4025 1693 4857 4941 1988 2495 6298 7588 6895 9325 6850 4847 912 268 2696 6067 765 1497 2177 9082 677 2441 5050 4418 7492
28 5500 23 4238 5134 9612 8549 2801 1784 9457 8398 7709 7466 334 3246 1552 6924 7231 5498 7133 1084 9843 5992 3022 9201 3015 3734 2850 9558
28 2417 5908 5472 9984 629 1787 1243 3489 8840 8602 1002 6434 4179 6129 9902 4213 7779 3013 325 244 2073 9605 4510 8749 3207 3138 4775 4916
28 8709 3482 450 5516 5525 8320 184 6559 5343 2989 1724 8938 1879 2546 6726 1645 9473 672 707 2240 8635 7480 4681 859 6654 3289 8941 7796
29 5062 5097 9104 7219 4560 8439 9489 6703 1433 8728 1215 4090 623 386 4541 3414 5754 8101 7902 5589 9686 1682 79 4274 1607 3957 6061 3504 9346
27 1641 8177 3324 6234 4629 4314 216 7467 1258 7142 5568 9593 5405 7072 8378 361 8707 7684 8208 6165 2210 7486 6688 1266 3653 5960 2810
27 8551 3503 2459 2051 53 771 8249 6847 886 5279 2857 8666 2204 2251 8498 1351 9528 6967 6023 7497 6855 7857 5101 8146 166 9188 7272
28 4077 4796 9492 8327 3851 5742 7163 4388 4334 4028 3174 2833 6450 6166 4700 6396 9709 179 4778 8340 5663 9193 3946 427 8731 4354 764 7886
29 7324 1365 6402 9150 9590 2840 9395 8627 5659 4140 545 9007 3251 4862 7271 1225 599 9801 8570 136 7827 4209 8160 113 6577 1967 5375 8964 6202
28 4398 9360 3128 4650 7295 1758 9540 7561 9554 3785 413 933 9739 2811 7344 1504 5880 8571 7366 2347 1628 2250 344 9476 6901 1288 4058 3107
27 666 9248 6754 6563 6731 8494 9182 4341 8794 4720 8665 6721 2683 4335 7622 9525 4861 1984 9493 9631 1017 3661 2501 1550 7697 8715 411
28 3511 8026 1325 8418 6244 8005 5935 9973 7925 3631 3134 9434 5718 611 9040 7210 9509 4359 3017 6081 4324 9539 3112 2691 796 5915 9527 6575
27 3815 7030 6778 3763 1554 2137 3917 5587 383 3648 2513 1880 8448 5817 2759 1664 4027 4305 9566 6107 5145 614 8192 3842 6447 9786 1993
27 6603 3681 9128 1024 8162 3733 408 8093 7988 3520 9436 4647 2643 8446 2576 169 8996 1073 9614 3793 1699 3910 7713 6704 8487 9330 9837
23 2182 5721 8547 3954 979 8798 3544 5314 8144 5198 1530 3343 9295 8156 9644 3093 6536 9610 8739 9572 6709 3668 3334
31 4760 9246 5197 271 3914 6973 3623 238 7379 8042 1852 6862 7560 1498 6414 8610 1876 4496 3293 6939 9641 8161 7685 1755 317 8852 6713 3959 769 282 8114
26 445 8730 7380 7109 229 8368 5170 7981 5146 7190 9482 9370 1249 5299 5199 6336 1970 4606 160 5445 2491 2214 749 5844 845 4331
31 7828 9243 3339 6756 6753 2622 3486 9986 3905 4958 8055 2629 9497 237 918 3026 6362 1511 7273 2045 5103 657 4626 206 4176 6769 7647 9927 2041 7934 7911
30 3236 3235 8969 2 9640 8711 1322 1730 6795 1849 3986 8413 8435 4294 9800 2982 9757 9209 8333 6110 6383 9114 5381 6077 3943 1361 3979 2349 1177 2107
26 9282 3911 8049 9772 2710 4472 425 7330 452 4401 7237 8334 3096 8129 1117 8396 1366 8312 9938 137 2545 4850 3157 556 3403 3116
26 9925 1247 9352 8074 7769 8266 9565 9461 4229 9771 38 4101 116 9792 2882 3512 8429 1940 9834 8287 1061 547 3697 3645 5284 7649
25 4473 2766 5345 9669 7176 6676 2027 6296 4564 5869 9672 5214 3567 803 9156 7624 3428 1722 3523 5824 1277 415 2357 6371 4594
28 5798 9157 6765 7161 1448 2912 5351 402 9078 3018 8325 9281 3402 5124 403 5306 1507 2077 5485 2174 4711 5449 8323 1378 9134 9045 8574 283
28 9215 8447 7529 7982 5696 3680 7286 9356 4692 8793 1032 8147 1630 8604 8278 2657 2869 5627 3754 6020 401 5735 5341 7342 6136 9320 5054 7460
27 6669 9257 1330 2396 6520 8992 2375 5303 6361 9415 4588 619 3280 4844 2370 3686 245 8599 4035 6195 1394 1534 298 7595 5536 5779 6479
22 2993 3775 336 3866 8277 610 3427 5425 2891 4410 5477 6714 8233 508 1116 3032 828 7354 517 3601 7997 9192
28 7995 5966 2048 304 4553 662 5406 1555 1683 1548 223 6174 1458 1866 8982 5331 9896 4618 272 6259 9486 1527 3493 5231 2829 503 7348 9895
27 6845 1942 5740 9636 357 5058 2674 7202 3908 3506 2656 3695 157 5356 5037 5242 3371 3445 1355 9206 2079 1685 2393 4995 4600 1327 697
33 1472 6488 2777 1926 4084 8966 5693 9665 5670 5223 7748 1193 7472 3863 5818 8536 8371 4371 5842 635 2798 9998 2997 8473 1663 2363 9819 1951 6660 5937 7435 9918 1363
32 9155 9166 477 4195 6869 1095 5188 975 8349 943 6015 8245 6354 5347 2900 8509 4551 7515 2312 3884 4826 6875 5469 1979 9680 8510 3351 2627 6821 9866 2587 6207
28 3256 5583 9224 5598 2358 393 5784 2542 8318 6460 6780 1642 8864 2671 2193 9214 303 1623 1190 4886 5656 3980 8763 6943 2834 6184 3305 6865
27 3145 3452 2005 1597 4636 1373 4809 7927 9854 597 6697 7935 916 2165 3786 7558 211 9928 7783 8735 1481 823 9886 1939 9687 6960 1637
28 993 6154 1670 40 7323 3380 1588 6049 7349 4083 4204 1908 5497 2967 6072 112 9671 1480 5164 4932 4462 2784 9766 9143 7968 3202 7608 9154
30 9340 7205 9131 1756 2036 792 5925 1420 9531 4929 5413 9412 8967 5118 2977 1892 1598 8158 6288 307 5271 9373 5141 6917 8112 3208 8244 2487 3530 582
27 558 1896 256 130 8575 8865 630 7316 1370 3784 5781 6224 3094 9824 7018 4340 1156 4086 463 7535 8069 622 7019 3239 6305 6189 1864
28 2452 534 6959 5128 2145 3907 1604 7054 2489 8641 1545 7847 3191 2606 3981 5072 1819 1050 5246 3466 7160 4939 9086 7287 6761 5398 2532 5644
31 671 1925 1956 9227 3698 3524 1515 8293 8933 6295 7765 9067 3035 4582 6115 6601 9707 3662 4836 8304 3549 3395 4308 6723 9503 4907 8736 5344 7843 696 2719
29 4661 1599 7494 8143 8751 5051 2295 1198 311 7703 373 7525 1320 5854 1063 4676 7889 4648 6695 9532 129 2476 876 5158 4337 4947 8353 6587 9418
26 4616 5245 6493 4476 5990 9302 9864 743 9548 8931 5847 7532 4011 8329 6223 354 646 5636 4491 1696 7311 3578 8955 127 9444 3006
25 2636 7704 7395 854 968 1562 8609 883 1759 5028 8047 527 2017 1853 6930 6802 4404 6270 5623 4403 8045 4320 852 518 9932
26 7822 5503 6416 2578 1644 791 7369 8262 3565 2760 4873 5411 6772 2753 7898 4482 5931 7325 4041 9950 1800 7677 2400 7772 5897 5211
27 395 839 69 2747 8651 9485 901 1132 1207 8677 9871 2416 1661 9355 7630 583 1720 3621 5920 3809 8923 7687 7717 6784 7861 7978 75
25 8407 8205 1779 2323 4858 2021 7455 3794 6585 6941 6253 5800 270 3535 7181 2133 992 3052 6831 7594 8622 4531 8682 6639 7540
30 9872 8468 8952 3682 2914 6912 4673 5315 9308 2055 2651 9964 6178 3730 9959 4332 3073 6877 2453 9897 6132 7137 1208 3521 8836 7125 6181 7470 4965 3143
30 6190 3665 191 3462 9751 3292 2106 499 5159 400 3144 9917 300 4992 7702 7564 263 5614 1652 3252 3397 7452 50 9450 9170 9863 5526 7004 6732 6804
28 2823 5325 9942 5031 4777 9937 132 3182 4938 4641 1643 1292 5874 3747 6119 2945 9174 7285 1201 8809 7169 735 3219 2248 9705 8501 8784 7134
27 5552 9445 5532 8118 6374 504 2762 2142 2960 4679 9012 123 178 3211 5026 4704 6863 2023 9319 3726 8922 186 5342 5936 6028 6626 9982
29 1753 281 1863 5226 4933 6255 2258 8831 8911 3802 4898 7939 8145 2465 2944 1453 6851 8843 8626 3342 8557 8252 9291 8567 731 937 3062 5227 969
29 6638 5608 3640 1152 9549 8111 4377 7038 4559 5578 6449 4295 2404 1146 3401 6837 297 507 5415 864 5203 9472 349 8363 6867 5609 561 8351 2103
28 8595 7539 7014 9811 873 3804 1340 3185 8211 3742 9908 3020 3923 2114 4855 1122 1495 6938 2650 6987 1814 708 2360 4905 1404 7731 9358 8096
33 2652 1846 1712 26 6150 1178 768 1160 4385 2303 8477 3364 1329 5689 3317 1771 6418 7013 1272 4438 4070 1823 4330 6297 3053 9905 7616 2308 3522 578 1738 9768 3708
33 3233 8961 3833 227 5529 2140 3291 3411 5229 590 7777 5302 5278 2183 5501 2935 7941 4583 8148 3047 8336 6839 5923 3749 1646 9657 5234 2732 9112 172 9968 6663 722
29 3902 5030 846 8977 2755 8714 2920 1998 8256 8316 7024 6037 8213 8008 4658 6429 7005 5716 3853 588 5986 5267 5866 8428 2025 6916 5285 3472 6491
30 601 9136 9506 1417 8063 6211 308 107 3724 576 9420 4945 3563 6206 7663 643 6706 8168 4740 7578 5605 2816 2438 8951 5217 3996 9074 7617 9452 8932
30 8315 9820 3656 1139 8053 6421 5714 9599 8873 9240 4174 3277 1371 3819 1294 6483 4373 5505 2245 3737 6247 364 9374 5660 8241 31 1385 9438 9607 2504
23 9742 8207 9940 2555 73 7605 6215 4163 8889 9809 249 9763 982 4106 2227 72 2366 4242 9101 6431 6506 2556 973
28 9284 4433 6864 2168 6844 7513 1127 1897 1248 8499 4223 4147 1936 2540 2714 5056 6045 742 9639 8071 6517 2065 2819 4517 2516 4345 5473 3232
27 9211 2090 498 2003 6000 3318 5167 888 5403 1754 9187 7919 5202 9681 8200 8217 613 2700 5602 6401 3294 5140 809 6356 2706 1928 511
29 8090 8364 702 6509 2339 343 3556 8004 3379 868 1023 9216 5974 6060 1461 7124 830 6853 5458 2605 6733 3577 3800 5809 3328 2075 8216 4364 4087
26 7609 8227 850 2752 5860 7637 7598 720 4095 9812 7009 6471 3370 6009 461 2319 6314 944 5743 2655 3483 6499 641 4590 8062 3570
31 1466 7794 656 3385 6925 5251 8462 5353 1888 8680 6233 5601 258 6701 9359 6282 9794 1169 6689 7961 8 155 7445 7461 4733 2962 5459 8660 8891 7362 7652
27 8724 9288 4060 5069 2599 5868 4307 8646 3887 2909 4293 8939 9501 4098 2939 7238 3213 6334 1584 6054 2742 2669 6899 121 5548 3769 5987
27 5354 2241 5537 2195 7621 1804 4394 1802 5900 7876 6586 7108 1960 2589 3700 5426 8534 842 1624 9271 315 9903 6717 9991 946 212 7559
30 6891 6543 3258 5751 9515 6125 8006 2409 1767 6472 4201 2913 7300 6684 4743 7276 2287 7803 2327 4453 8403 4220 3200 5120 2721 6921 24 7764 6810 6588
26 5262 5528 2012 9123 2394 5446 8506 9317 4497 5811 7150 2534 639 3961 5187 7129 8608 5047 4022 1827 8647 7972 8708 2716 5681 5107
29 9858 8152 1520 2966 6779 5433 7278 5843 6263 7122 3273 4667 9490 4161 3180 1057 3319 536 355 9512 4920 5753 9063 2340 7618 6972 2306 6561 7368
29 7735 5801 5564 7929 8282 5999 3836 2018 5596 9310 4079 8628 8284 8659 3368 9091 9290 131 505 8291 246 7255 5576 2336 4908 9788 1486 6435 1298
29 3611 7787 4944 2614 2746 4093 2687 6186 4864 4684 7983 8899 600 2424 8597 8764 2290 241 8054 4554 8863 1129 4790 4416 1393 9398 3958 8470 4678
29 9890 4469 8339 961 8445 8937 6309 8154 2937 1219 1082 8214 5963 2148 3377 6743 4538 8313 9337 6004 3115 4342 9198 6103 9069 717 5215 8514 3818
25 9328 2442 7864 2535 5360 435 2983 8638 1089 2260 8801 1701 305 3674 4470 1286 2208 6346 9062 9602 948 516 8374 341 5208
30 1764 476 6635 8324 432 1025 7488 4514 674 219 2028 1799 5852 680 4669 2224 4493 9922 807 6549 2180 3133 6702 3559 442 621 8776 8290 6480 3595
30 8267 698 1113 8949 7116 2519 2868 8292 7078 5763 2835 2986 3955 331 345 9261 7310 2564 5060 772 9386 5607 8079 7977 6 8810 9064 7474 9860 5269
29 5370 551 1675 3557 4983 8834 3480 1871 9883 1516 8623 6552 6646 382 9609 6629 2658 3596 8259 9985 2827 767 2117 9948 2964 77 8077 4832 2630
30 7901 804 1573 4757 7985 4976 7526 6162 9153 9056 7188 8956 777 4918 5104 9570 193 9419 1910 4806 4528 8010 2553 6022 4228 2170 6397 8092 2952 3160
31 7256 3581 405 502 4622 949 6007 7296 9044 2955 9500 7345 3290 1147 8807 8362 2278 8034 7003 9676 4441 4206 1528 3538 2443 4999 5521 5527 9164 4585 9997
30 8453 862 7421 6936 4710 9027 4183 5138 7675 925 9274 5906 1402 7312 1636 7159 1906 3056 4879 7170 1475 9013 312 4746 9099 4619 4257 4556 7655 7502
27 4801 5645 3119 8415 3005 3050 4096 8454 8517 8528 5012 7815 7928 6098 6272 5379 2326 2484 5708 4203 8430 699 1580 6203 574 7921 1773
27 7760 816 6623 676 1293 8564 5457 2233 6584 7450 8815 9651 3879 7130 6100 5479 1033 801 1619 4876 8729 6661 4360 6415 390 2215 5273
27 4049 726 9699 4219 5585 8726 8239 2794 841 4158 5429 2122 322 2984 998 4727 3046 2602 8525 7211 269 6241 8556 4584 1881 2789 4956
29 2711 1425 8134 7244 4386 7381 7412 2679 6740 7374 521 1948 4218 7587 214 8529 884 9706 9088 7057 4558 2856 4979 8174 7478 6776 4339 1990 8636
